0 1895 1942 1854 1991 
1 5028 3187 3160 
2 7 3 2523 
3 2 2481 2499 
4 3031 4479 3005 
5 4055 4421 4884 
6 4578 3109 4531 
7 2 2546 2551 
8 4183 4128 2153 
9 3448 4378 4383 
10 21 58 
11 3718 
12 13 
13 12 16 30 
14 15 
15 14 27 
16 13 17 78 
17 16 5011 3760 19 
18 21 22 
19 17 32 84 
20 32 
21 10 18 31 
22 18 4375 23 
23 22 4375 31 
24 5005 29 25 
25 24 30 35 
26 28 
27 15 3626 4299 3540 
28 26 36 58 
29 24 29 
30 13 25 3547 
31 21 23 37 
32 19 20 254 242 
33 3525 135 4375 103 
34 36 
35 25 3546 3547 
36 28 34 38 
37 31 103 61 
38 36 410 311 
39 47 42 40 
40 39 50 52 
41 46 44 51 
42 39 44 49 
43 45 4952 3547 
44 41 42 53 
45 43 48 55 
46 41 
47 39 54 
48 45 50 60 
49 42 56 
50 40 48 52 
51 41 5037 65 
52 40 50 63 
53 44 59 
54 47 67 
55 45 79 57 
56 49 71 
57 55 60 68 
58 10 28 62 
59 53 75 
60 48 57 68 
61 37 62 3508 
62 58 61 271 
63 52 67 90 
64 66 
65 51 73 77 
66 64 4954 70 
67 54 63 71 
68 57 60 69 
69 68 69 
70 66 81 4955 
71 56 67 72 
72 71 97 75 
73 65 
74 89 
75 59 72 77 
76 82 
77 65 75 91 
78 16 
79 55 85 104 
80 112 81 4956 
81 70 80 86 
82 76 86 83 
83 82 4953 88 
84 19 187 583 
85 79 85 
86 81 82 95 
87 87 90 
88 83 89 99 
89 74 88 107 
90 63 87 118 
91 77 94 3621 
92 5148 111 98 
93 94 
94 91 93 3621 
95 86 95 
96 108 
97 72 137 102 
98 92 111 100 
99 88 99 
100 98 
101 126 4765 
102 97 127 3621 
103 33 37 3508 
104 79 151 110 
105 112 
106 147 108 156 
107 89 4419 109 
108 96 106 119 
109 107 115 144 
110 104 110 
111 92 98 125 
112 80 105 116 
113 113 118 
114 123 
115 109 
116 112 149 134 
117 119 
118 90 113 172 
119 108 117 147 
120 120 138 
121 121 144 
122 132 4040 130 
123 114 128 133 
124 124 140 
125 111 131 176 
126 101 152 
127 102 137 129 
128 123 
129 127 
130 122 132 167 
131 125 4295 133 
132 122 130 163 
133 123 131 158 
134 116 161 4419 
135 33 195 4755 
136 149 
137 97 127 145 
138 120 140 5109 
139 155 
140 124 138 154 
141 155 
142 170 199 4419 
143 146 188 4952 
144 109 121 154 
145 137 150 159 
146 143 151 186 
147 106 119 148 
148 147 189 4041 
149 116 136 204 
150 145 
151 104 146 153 
152 126 197 156 
153 151 162 201 
154 140 144 169 
155 139 141 181 
156 106 152 179 
157 160 158 177 
158 133 157 193 
159 145 190 182 
160 157 166 177 
161 134 180 204 
162 153 172 211 
163 132 191 176 
164 192 
165 168 
166 160 
167 130 174 184 
168 165 170 285 
169 154 207 5110 
170 142 168 198 
171 4295 
172 118 162 206 
173 228 181 212 
174 167 185 184 
175 214 
176 125 163 231 196 
177 157 160 202 
178 190 
179 156 189 223 
180 161 4851 253 
181 155 173 187 
182 159 208 206 
183 210 
184 167 174 4832 
185 174 191 
186 146 
187 84 181 280 
188 143 225 222 
189 148 179 195 233 
190 159 178 4809 
191 163 185 
192 164 194 
193 158 247 209 
194 192 197 
195 135 189 353 
196 176 200 203 
197 152 194 241 
198 170 316 205 
199 142 227 213 
200 196 203 3937 
201 153 244 
202 177 217 220 
203 196 200 218 
204 149 161 3554 
205 198 
206 172 182 297 
207 169 216 213 
208 182 5038 210 
209 193 
210 183 208 221 5039 
211 162 240 245 
212 173 5122 228 
213 199 207 279 
214 175 3554 234 
215 216 
216 207 215 232 
217 202 239 251 
218 203 
219 315 223 241 
220 202 
221 210 224 
222 188 222 
223 179 219 267 
224 221 4809 
225 188 4558 3931 
226 257 5152 
227 199 337 260 
228 173 212 236 
229 253 4851 248 
230 232 
231 176 282 309 4755 
232 216 230 235 
233 189 336 270 
234 214 
235 232 
236 228 
237 301 
238 4297 252 4302 
239 217 246 266 
240 211 245 249 
241 197 219 281 
242 32 4036 583 
243 265 5150 5153 
244 201 249 
245 211 240 249 
246 239 247 268 
247 193 246 283 
248 229 256 273 
249 240 244 245 
250 262 
251 217 266 295 
252 238 263 4830 
253 180 229 274 
254 32 420 3625 
255 255 290 
256 248 
257 226 265 335 
258 3931 286 3934 
259 269 310 3554 3932 
260 227 312 347 
261 264 276 4300 
262 250 4372 300 
263 252 
264 261 307 5149 
265 243 257 282 
266 239 251 275 
267 223 270 314 
268 246 283 4519 
269 259 3933 325 
270 233 267 332 
271 62 3508 410 
272 3934 4004 3933 
273 248 
274 253 294 285 
275 266 288 303 
276 261 
277 4602 
278 281 278 
279 213 
280 187 290 301 
281 241 278 3944 
282 231 265 284 
283 247 268 4830 309 
284 282 291 335 
285 168 274 316 
286 258 298 297 
287 329 
288 275 
289 321 5122 322 
290 255 280 322 
291 284 4305 323 
292 296 4610 327 
293 4611 4609 304 
294 274 
295 251 
296 292 327 4609 
297 206 286 306 4129 
298 286 390 306 3934 
299 318 305 5156 
300 262 302 345 
301 237 280 313 
302 300 307 363 
303 275 319 334 
304 293 320 4602 
305 299 331 321 
306 297 298 339 
307 264 302 329 
308 326 4257 
309 231 283 4833 445 
310 259 325 4009 
311 38 654 
312 260 
313 301 
314 267 332 330 
315 219 330 317 
316 198 285 337 
317 315 330 3944 
318 299 397 430 
319 303 
320 304 4609 368 
321 289 305 394 
322 289 290 394 
323 291 4306 4833 
324 338 
325 269 310 341 4010 
326 308 333 
327 292 296 343 
328 347 
329 287 307 348 
330 314 315 317 
331 305 338 354 
332 270 314 336 
333 326 4603 341 
334 303 350 4520 
335 257 284 4872 
336 233 332 357 
337 227 316 365 
338 324 331 439 
339 306 340 411 4129 
340 339 349 4129 413 
341 325 333 361 
342 349 4129 346 
343 327 362 368 
344 4833 366 364 
345 300 350 402 
346 342 351 3944 3499 
347 260 328 365 
348 329 379 
349 340 342 446 351 
350 334 345 422 
351 346 349 3500 
352 375 4608 378 
353 195 3501 3498 
354 331 
355 364 
356 376 4004 5120 
357 336 
358 380 
359 373 372 369 
360 369 
361 341 375 385 
362 343 
363 302 4304 402 
364 344 355 412 
365 337 347 370 
366 344 4872 391 
367 377 
368 320 343 408 
369 359 360 373 
370 365 
371 5047 
372 359 387 4602 
373 359 369 4975 
374 429 
375 352 361 382 
376 356 432 5121 
377 367 378 398 
378 352 377 400 
379 348 401 
380 358 392 421 
381 384 433 440 
382 375 5118 4607 
383 4834 422 4519 
384 381 
385 361 395 387 
386 391 
387 372 385 405 434 
388 423 
389 460 
390 298 393 466 
391 366 386 412 
392 380 
393 390 396 470 
394 321 322 436 
395 385 428 455 
396 393 399 
397 318 430 476 
398 377 
399 396 431 
400 378 5119 426 
401 379 4871 443 
402 345 363 471 
403 419 426 4605 
404 406 
405 387 427 473 
406 404 444 
407 457 
408 368 417 434 
409 4217 
410 38 271 507 501 
411 339 4567 413 
412 364 391 452 
413 340 411 5044 
414 435 428 5049 
415 5158 424 4009 
416 437 
417 408 423 4599 
418 4217 449 5047 
419 403 4604 4606 
420 254 582 675 462 
421 380 465 459 
422 350 383 4836 468 
423 388 417 441 
424 415 4011 438 
425 464 
426 400 403 455 
427 405 448 
428 395 414 463 
429 374 4764 502 
430 318 397 436 
431 399 454 4567 
432 376 526 466 
433 381 469 440 
434 387 408 510 
435 414 
436 394 430 527 
437 416 452 
438 424 442 511 
439 338 
440 381 433 446 
441 423 
442 438 538 4010 
443 401 471 4870 
444 406 450 
445 309 4837 4838 4836 
446 349 440 4560 
447 464 
448 427 530 
449 418 479 457 
450 444 4178 3507 
451 461 4599 472 
452 412 437 
453 528 4202 4838 
454 431 498 480 
455 395 426 495 
456 463 
457 407 449 474 
458 517 
459 421 
460 389 492 465 
461 451 
462 420 582 634 
463 428 456 467 
464 425 447 495 
465 421 460 492 
466 390 432 484 482 
467 463 
468 422 503 
469 433 
470 393 480 484 
471 402 443 3781 
472 451 
473 405 481 494 
474 457 
475 483 3502 4753 560 
476 397 
477 516 
478 489 664 5120 
479 449 506 508 
480 454 470 493 
481 473 497 485 
482 466 523 540 
483 475 563 3503 
484 466 470 486 
485 481 
486 484 491 509 
487 4599 514 518 
488 817 
489 478 5121 526 
490 4718 
491 486 493 519 
492 460 465 516 
493 480 491 498 
494 473 
495 455 464 549 
496 513 
497 481 
498 454 493 500 
499 525 5030 
500 498 532 515 
501 410 4239 676 507 
502 429 553 4202 
503 468 570 
504 505 
505 504 534 509 
506 479 
507 410 501 520 
508 479 512 554 
509 486 505 534 
510 434 514 530 
511 438 4011 525 531 
512 508 512 
513 496 524 537 
514 487 510 545 
515 500 5080 585 
516 477 492 533 
517 458 5080 587 
518 487 
519 491 521 568 
520 507 930 654 
521 519 548 
522 529 
523 482 
524 513 
525 499 511 546 
526 432 489 712 
527 436 5125 566 
528 453 567 550 
529 522 544 532 
530 448 510 593 
531 511 566 4011 
532 500 529 544 
533 516 536 4560 
534 505 509 4648 
535 556 
536 533 618 554 
537 513 555 549 
538 442 5030 642 
539 558 
540 482 655 547 
541 555 
542 543 576 4598 
543 542 
544 529 532 4627 
545 514 556 562 
546 525 604 5108 
547 540 551 588 
548 521 573 
549 495 537 579 
550 528 553 572 
551 547 588 4646 
552 742 
553 502 550 598 560 
554 508 536 590 
555 537 541 580 
556 535 545 565 
557 591 558 4647 
558 539 557 592 
559 574 
560 475 553 563 753 
561 564 4561 4560 
562 545 565 4601 
563 483 560 751 
564 561 4747 612 
565 556 562 581 
566 527 531 3472 602 
567 528 4301 572 
568 519 595 573 
569 4598 578 
570 503 584 4303 
571 614 
572 550 567 3778 
573 548 568 575 
574 559 612 586 
575 573 
576 542 578 594 
577 4626 589 605 
578 569 576 
579 549 597 603 
580 555 
581 565 
582 420 462 675 857 
583 84 242 729 874 
584 570 638 
585 515 587 616 
586 574 
587 517 585 632 
588 547 551 608 
589 577 4625 605 
590 554 4205 4178 4740 
591 557 592 596 
592 558 591 595 
593 530 4601 606 
594 576 
595 568 592 617 
596 591 
597 579 4598 606 
598 553 599 639 
599 598 784 700 
600 609 
601 845 
602 566 613 641 5124 
603 579 619 642 
604 546 640 614 
605 577 589 624 
606 593 597 631 
607 608 
608 588 607 633 
609 600 671 622 
610 4600 
611 623 
612 564 574 4747 
613 602 661 629 
614 571 604 716 623 
615 617 663 
616 585 630 624 
617 595 615 737 
618 536 622 4452 
619 603 652 627 
620 641 
621 625 649 5048 
622 609 618 653 
623 611 614 660 
624 605 616 625 
625 621 624 649 
626 631 626 
627 619 627 
628 683 
629 613 650 688 
630 616 632 662 
631 606 626 635 709 
632 587 630 648 
633 608 
634 462 
635 631 637 665 
636 651 
637 635 637 
638 584 667 
639 598 701 3778 644 
640 604 640 
641 602 620 702 
642 538 603 880 706 
643 646 
644 639 645 4839 
645 644 4839 815 4840 
646 643 4600 651 
647 652 647 
648 632 
649 621 625 4624 
650 629 
651 636 646 673 
652 619 647 689 
653 622 658 694 
654 311 520 930 
655 540 682 728 
656 664 4004 739 
657 729 
658 653 671 714 
659 4741 705 4747 
660 623 669 716 
661 613 
662 630 680 672 
663 615 697 
664 478 656 712 
665 635 
666 744 3472 5130 
667 638 722 4840 710 
668 686 4619 678 
669 660 669 
670 670 810 
671 609 658 720 
672 662 684 677 5043 
673 651 
674 692 688 
675 420 582 807 
676 501 
677 672 5044 685 4473 
678 668 
679 704 681 4620 
680 662 684 693 
681 679 4621 704 
682 655 711 686 
683 628 693 726 
684 672 680 685 3926 
685 677 684 4961 863 
686 668 682 711 
687 690 
688 629 674 724 
689 652 695 731 
690 687 696 723 
691 699 4473 4561 
692 674 734 
693 680 683 749 
694 653 
695 689 698 730 
696 690 4623 723 
697 663 
698 695 
699 691 4440 4961 
700 599 701 759 
701 639 700 759 
702 641 707 761 
703 709 703 
704 679 681 754 
705 659 715 4440 
706 642 735 4253 
707 702 
708 3609 742 3610 
709 631 703 713 775 
710 667 750 725 
711 682 686 4622 
712 526 664 728 
713 709 717 740 
714 658 5155 4515 
715 705 746 4787 
716 614 660 735 
717 713 719 
718 836 722 4841 
719 717 4974 
720 671 5155 5154 
721 748 4239 4718 
722 667 718 750 
723 690 696 745 
724 688 741 
725 710 732 
726 683 
727 731 727 
728 655 712 820 
729 583 657 964 885 
730 695 730 
731 689 727 783 
732 725 810 
733 5154 
734 692 755 5111 
735 706 716 806 
736 4655 737 763 
737 617 736 743 
738 5126 5130 892 
739 656 800 799 
740 713 
741 724 801 
742 552 708 751 
743 737 771 745 
744 666 856 817 
745 723 743 749 
746 715 4639 4439 
747 754 
748 721 3975 843 
749 693 745 760 
750 710 722 795 
751 563 742 753 3966 
752 777 
753 560 751 805 3965 
754 704 747 757 
755 734 
756 758 
757 754 4618 4655 
758 756 787 763 
759 700 701 784 
760 749 779 767 
761 702 780 814 
762 784 
763 736 758 787 
764 772 
765 766 
766 765 771 792 
767 760 769 851 
768 775 768 
769 767 
770 4881 
771 743 766 792 
772 764 776 796 
773 774 
774 773 794 779 
775 709 768 778 798 
776 772 796 786 
777 752 5126 5112 
778 775 781 804 
779 760 774 794 
780 761 793 809 
781 778 4951 785 
782 788 
783 731 818 808 
784 599 759 762 805 
785 781 4951 
786 776 823 789 
787 758 763 803 
788 782 875 790 
789 786 791 823 
790 788 790 
791 789 
792 766 771 802 
793 780 
794 774 779 813 
795 750 812 835 
796 772 776 830 
797 812 
798 775 808 847 
799 739 800 820 3828 
800 739 799 983 847 
801 741 825 814 
802 792 
803 787 
804 778 
805 753 784 832 848 
806 735 831 809 
807 675 964 988 
808 783 798 824 
809 780 806 814 
810 670 732 859 
811 4639 
812 795 797 870 
813 794 
814 761 801 809 895 
815 645 848 836 
816 818 
817 488 744 839 
818 783 816 822 
819 4613 827 853 
820 728 799 854 
821 830 
822 818 
823 786 789 830 
824 808 838 829 
825 801 842 4406 
826 833 
827 819 853 828 
828 827 
829 824 834 838 
830 796 821 823 854 
831 806 4255 4256 
832 805 866 899 891 
833 826 837 858 
834 829 
835 795 850 852 
836 718 815 852 
837 833 858 841 
838 824 829 4995 
839 817 986 874 
840 846 
841 837 
842 825 4405 
843 748 845 4240 
844 859 
845 601 843 862 
846 840 849 860 
847 798 800 883 
848 805 815 906 
849 846 860 851 
850 835 855 903 
851 767 849 4616 
852 835 836 977 890 
853 819 827 867 
854 820 830 864 
855 850 
856 744 861 887 
857 582 1072 1085 
858 833 837 882 
859 810 844 877 
860 846 849 876 
861 856 
862 845 877 3637 
863 685 3926 4449 878 
864 854 879 4615 
865 867 
866 832 891 3737 
867 853 865 879 
868 869 4406 
869 868 875 4405 
870 812 903 923 
871 4449 4438 4447 
872 873 4915 892 
873 872 5128 905 
874 583 839 885 913 
875 788 869 893 
876 860 894 919 
877 859 862 926 
878 863 3622 953 
879 864 867 898 
880 642 888 883 
881 1030 
882 858 904 4612 
883 847 880 900 
884 894 
885 729 874 913 914 
886 918 
887 856 950 905 
888 880 910 900 
889 901 
890 852 897 931 
891 832 866 942 
892 738 872 893 
893 875 892 896 
894 876 884 920 919 
895 814 896 916 
896 893 895 922 
897 890 897 
898 879 904 940 
899 832 915 982 
900 883 888 1104 
901 889 902 935 
902 901 938 4254 
903 850 870 947 
904 882 898 928 
905 873 887 925 
906 848 1001 956 
907 908 
908 907 3440 916 
909 4767 943 4766 
910 888 921 924 
911 927 
912 929 912 
913 874 885 986 
914 885 1043 1034 
915 899 3737 3738 
916 895 908 961 946 
917 4915 
918 886 4445 965 
919 876 894 920 
920 894 919 928 
921 910 933 971 
922 896 957 969 
923 870 926 947 
924 910 929 933 
925 905 950 
926 877 923 977 
927 911 4516 943 
928 904 920 951 
929 912 924 944 
930 520 654 1076 1075 
931 890 941 975 
932 949 
933 921 924 958 
934 944 935 5114 
935 901 934 936 
936 935 
937 938 
938 902 937 4236 946 
939 967 
940 898 3497 955 
941 931 941 
942 891 3737 3738 
943 909 927 4331 
944 929 934 945 
945 944 960 946 
946 916 938 945 
947 903 923 977 
948 952 1008 949 
949 932 948 1008 
950 887 925 
951 928 953 1060 3926 
952 948 954 1008 
953 878 951 959 1062 
954 952 
955 940 4649 972 
956 906 1003 998 
957 922 984 962 
958 933 963 980 
959 953 965 985 
960 945 1006 968 
961 916 989 976 
962 957 991 969 
963 958 
964 729 807 979 
965 918 959 973 
966 4853 1030 1094 
967 939 978 
968 960 1006 
969 922 962 4235 
970 971 
971 921 970 980 
972 955 4650 4649 
973 965 992 978 
974 982 
975 931 1040 1010 
976 961 1033 
977 852 926 947 1017 
978 967 973 4325 
979 964 988 1043 
980 958 971 995 
981 984 
982 899 974 1000 1005 
983 800 990 3828 
984 957 981 1011 
985 959 992 3505 
986 839 913 1014 
987 1003 
988 807 979 1074 
989 961 4235 997 
990 983 3829 1068 
991 962 
992 973 985 996 1024 
993 994 
994 993 999 1009 
995 980 
996 992 1028 1032 
997 989 1004 5113 
998 956 1013 1001 
999 994 
1000 982 
1001 906 998 1005 1031 
1002 4704 4325 1009 
1003 956 987 1007 
1004 997 1018 4235 
1005 982 1001 3738 1051 
1006 960 968 
1007 1003 1013 1050 
1008 948 949 952 1019 
1009 994 1002 1015 
1010 975 1017 
1011 984 1020 1012 
1012 1011 1018 1036 
1013 998 1007 1029 
1014 986 1069 1021 
1015 1009 1019 1026 
1016 1020 1016 
1017 977 1010 1023 
1018 1004 1012 1053 
1019 1008 1015 1022 
1020 1011 1016 1048 
1021 1014 1192 1049 
1022 1019 1035 1027 
1023 1017 1025 1065 
1024 992 1055 1041 
1025 1023 
1026 1015 1056 1035 1038 
1027 1022 3510 3966 
1028 996 1054 1039 
1029 1013 1031 1050 
1030 881 966 1085 
1031 1001 1029 1050 
1032 996 1038 1039 
1033 976 1037 
1034 914 1069 1043 
1035 1022 1026 1059 1063 
1036 1012 1058 1048 
1037 1033 5113 1045 
1038 1026 1032 1056 
1039 1028 1032 1054 
1040 975 1044 1065 
1041 1024 1055 
1042 1077 3831 3830 
1043 914 979 1034 3743 
1044 1040 
1045 1037 5113 1053 
1046 1060 3497 4650 
1047 1057 
1048 1020 1036 1058 
1049 1021 4880 1057 
1050 1007 1029 1031 4243 
1051 1005 1051 
1052 1054 
1053 1018 1045 1058 
1054 1028 1039 1052 
1055 1024 1041 
1056 1026 1038 1059 
1057 1047 1049 1070 
1058 1036 1048 1053 
1059 1035 1056 1063 
1060 951 1046 1062 1083 
1061 4412 
1062 953 1060 1082 
1063 1035 1059 4883 
1064 3965 1174 3966 
1065 1023 1040 1067 
1066 3844 1077 
1067 1065 
1068 990 1073 3713 5034 
1069 1014 1034 4259 
1070 1057 
1071 1075 
1072 857 1098 1170 
1073 1068 3835 5034 4557 3713 
1074 988 
1075 930 1071 1090 
1076 930 1078 
1077 1042 1066 3844 1095 
1078 1076 1087 
1079 1101 
1080 4819 
1081 4818 
1082 1062 1084 1083 1105 
1083 1060 1082 1105 
1084 1082 1086 4399 
1085 857 1030 1098 
1086 1084 1088 4398 
1087 1078 3974 1172 
1088 1086 1122 1108 
1089 1091 1090 
1090 1075 1089 1107 
1091 1089 1134 
1092 4413 1103 4412 
1093 1097 4547 
1094 966 4879 1142 
1095 1077 5097 3844 
1096 1165 
1097 1093 1117 
1098 1072 1085 1254 
1099 1106 
1100 1123 
1101 1079 1102 1147 
1102 1101 3558 1147 4819 
1103 1092 4307 1104 
1104 900 1103 4368 
1105 1082 1083 3528 
1106 1099 1120 1126 
1107 1090 3657 1125 
1108 1088 1149 1109 
1109 1108 1153 1112 
1110 3528 4399 4546 5084 
1111 1192 
1112 1109 1158 1115 
1113 1119 
1114 1131 1118 
1115 1112 1162 1163 
1116 1120 
1117 1097 1124 1127 
1118 1114 1126 
1119 1113 3552 
1120 1106 1116 1127 
1121 1124 
1122 1088 1144 4398 
1123 1100 1128 1140 
1124 1117 1121 1135 
1125 1107 1157 1137 
1126 1106 1118 1132 1141 
1127 1117 1120 1152 1132 
1128 1123 4309 1140 
1129 1194 
1130 1155 1161 1131 
1131 1114 1130 1143 
1132 1126 1127 1166 4216 
1133 1135 
1134 1091 1195 1172 1137 
1135 1124 1133 1183 1152 
1136 3459 1138 
1137 1125 1134 1157 
1138 1136 1142 1154 
1139 1164 1179 
1140 1123 1128 1145 4014 
1141 1126 
1142 1094 1138 1148 
1143 1131 1155 4216 
1144 1122 1146 1156 
1145 1140 1173 
1146 1144 1213 1149 
1147 1101 1102 1160 
1148 1142 1189 4794 
1149 1108 1146 1153 1214 
1150 1161 
1151 3552 3549 3551 
1152 1127 1135 1177 1166 
1153 1109 1149 1158 
1154 1138 
1155 1130 1143 1181 
1156 1144 4398 1167 
1157 1125 1137 3798 
1158 1112 1153 1162 
1159 1184 3735 3496 
1160 1147 1175 3558 
1161 1130 1150 1181 
1162 1115 1158 1163 
1163 1115 1162 1219 
1164 1139 3441 
1165 1096 1174 3636 
1166 1132 1152 1169 
1167 1156 1178 4399 1213 
1168 3743 1194 1227 
1169 1166 1186 1204 
1170 1072 1171 1661 
1171 1170 5093 4032 
1172 1087 1134 4053 4739 
1173 1145 1179 
1174 1064 1165 1205 4212 
1175 1160 1180 1200 
1176 4556 1233 4396 
1177 1152 1193 1186 
1178 1167 1217 3603 
1179 1139 1173 3441 3442 
1180 1175 3603 1255 3650 
1181 1155 1161 1184 
1182 1183 
1183 1135 1182 1188 
1184 1159 1181 1203 
1185 1196 
1186 1169 1177 1191 
1187 4215 4214 4213 
1188 1183 1193 3772 
1189 1148 1196 1218 
1190 3658 4628 
1191 1186 1206 1215 
1192 1021 1111 3441 1251 
1193 1177 1188 1198 
1194 1129 1168 1333 
1195 1134 
1196 1185 1189 1201 
1197 3659 1202 1344 
1198 1193 1215 3773 
1199 3662 1200 3663 
1200 1175 1199 4117 
1201 1196 1212 1210 
1202 1197 1205 3657 
1203 1184 1209 1207 
1204 1169 1206 1220 
1205 1174 1202 1337 1207 
1206 1191 1204 1223 
1207 1203 1205 1216 
1208 1221 
1209 1203 4213 1216 
1210 1201 4794 1229 
1211 1231 4794 
1212 1201 
1213 1146 1167 1217 1225 
1214 1149 1219 1225 
1215 1191 1198 1228 
1216 1207 1209 1271 
1217 1178 1213 1242 5083 
1218 1189 1221 1230 
1219 1163 1214 1241 1222 
1220 1204 
1221 1208 1218 1229 
1222 1219 1228 1261 
1223 1206 
1224 1334 3659 
1225 1213 1214 1242 
1226 1263 4213 1249 
1227 1168 1333 5094 3846 
1228 1215 1222 1249 
1229 1210 1221 1231 
1230 1218 1234 1254 
1231 1211 1229 1237 
1232 1236 3712 1233 4396 
1233 1176 1232 1238 1239 
1234 1230 4016 4017 
1235 1243 1247 3577 3712 
1236 1232 1238 4327 3711 
1237 1231 4018 
1238 1233 1236 1239 1288 
1239 1233 1238 3493 
1240 1248 4016 4035 
1241 1219 1261 1267 
1242 1217 1225 1267 4250 
1243 1235 3711 1247 
1244 1256 
1245 1320 1251 1315 
1246 3663 1250 4920 
1247 1235 1243 1252 
1248 1240 1269 1285 
1249 1226 1228 1260 
1250 1246 3662 1253 
1251 1192 1245 1256 1325 
1252 1247 1279 4418 
1253 1250 4117 1255 
1254 1098 1230 1265 3876 
1255 1180 1253 1258 4328 3603 
1256 1244 1251 1327 
1257 4018 3998 3714 
1258 1255 1308 1266 
1259 1268 1271 4245 
1260 1249 4667 1275 
1261 1222 1241 1276 
1262 1264 4022 4035 
1263 1226 1273 1274 
1264 1262 4020 4021 
1265 1254 4020 3982 
1266 1258 1286 4250 
1267 1241 1242 4459 
1268 1259 4246 1311 
1269 1248 1285 4018 
1270 4250 1301 1319 
1271 1216 1259 1278 1354 
1272 1280 4418 1322 
1273 1263 1278 1306 
1274 1263 1296 4667 
1275 1260 1276 4251 
1276 1261 1275 4459 
1277 1283 1277 
1278 1271 1273 1290 
1279 1252 1297 1346 
1280 1272 1310 1284 
1281 4022 
1282 1331 
1283 1277 1356 1339 
1284 1280 1294 1289 
1285 1248 1269 4034 4022 
1286 1266 1301 1323 
1287 4246 4580 1295 
1288 1238 1305 4330 
1289 1284 4030 1292 
1290 1278 1291 1343 
1291 1290 1343 1293 
1292 1289 3439 1299 
1293 1291 1338 1303 
1294 1284 4030 1324 
1295 1287 
1296 1274 1302 1358 
1297 1279 1367 1371 
1298 1321 
1299 1292 1300 3439 
1300 1299 1349 1309 
1301 1270 1286 1316 
1302 1296 1365 1304 
1303 1293 1338 1306 
1304 1302 1436 1306 
1305 1288 4329 1379 
1306 1273 1303 1304 1472 
1307 1318 4934 
1308 1258 1323 4328 1340 
1309 1300 1351 1313 
1310 1280 1341 1324 
1311 1268 
1312 1360 1322 3460 
1313 1309 1314 1364 
1314 1313 1315 1361 
1315 1245 1314 1320 
1316 1301 1353 1329 1319 
1317 1337 
1318 1307 1336 
1319 1270 1316 1336 
1320 1245 1315 1325 
1321 1298 1345 4579 1335 
1322 1272 1312 1369 
1323 1286 1308 1353 1441 
1324 1294 1310 1357 
1325 1251 1320 1327 1387 
1326 1359 1342 4459 
1327 1256 1325 1332 1393 
1328 1335 
1329 1316 
1330 1340 
1331 1282 3714 1463 1395 
1332 1327 1339 1375 
1333 1194 1227 1402 
1334 1224 1467 
1335 1321 1328 1373 
1336 1318 1319 1370 1366 
1337 1205 1317 1421 
1338 1293 1303 1459 
1339 1283 1332 1356 1368 
1340 1308 1330 1355 
1341 1310 1357 1377 
1342 1326 1385 1370 
1343 1290 1291 1354 1372 
1344 1197 1487 1467 
1345 1321 1374 1373 
1346 1279 
1347 1444 1348 3439 
1348 1347 1454 1349 
1349 1300 1348 1456 1350 
1350 1349 1351 1431 
1351 1309 1350 1389 
1352 1358 1380 4667 
1353 1316 1323 1366 4536 
1354 1271 1343 1425 
1355 1340 
1356 1283 1339 1381 
1357 1324 1341 1392 
1358 1296 1352 1382 1365 
1359 1326 1385 4251 1414 
1360 1312 1362 3461 
1361 1314 1452 1364 
1362 1360 1369 1388 
1363 4417 1371 4371 
1364 1313 1361 1386 
1365 1302 1358 1415 
1366 1336 1353 1407 4960 
1367 1297 1376 3548 
1368 1339 1401 1381 
1369 1322 1362 1377 
1370 1336 1342 1391 
1371 1297 1363 1376 
1372 1343 4659 1427 
1373 1335 1345 1394 
1374 1345 1413 1433 
1375 1332 
1376 1367 1371 3579 
1377 1341 1369 1392 
1378 1476 4536 
1379 1305 4326 4330 
1380 1352 1398 1382 
1381 1356 1368 1412 
1382 1358 1380 1390 
1383 1394 
1384 3979 1397 1423 
1385 1342 1359 1458 
1386 1364 1471 1389 
1387 1325 1434 1443 1393 
1388 1362 
1389 1351 1386 1429 
1390 1382 1396 1415 
1391 1370 4960 1400 
1392 1357 1377 1408 
1393 1327 1387 1401 
1394 1373 1383 1424 
1395 1331 1418 3700 
1396 1390 1398 1438 
1397 1384 4002 1430 
1398 1380 1396 1405 
1399 1410 4371 1409 3461 4417 
1400 1391 1466 1428 
1401 1368 1393 1464 1426 
1402 1333 1412 3846 
1403 1422 4318 1437 
1404 4417 4237 1410 
1405 1398 1414 4251 
1406 1480 1450 
1407 1366 
1408 1392 1481 4030 
1409 1399 1419 1481 
1410 1399 1404 1488 1419 
1411 3686 3689 1453 3688 
1412 1381 1402 1426 
1413 1374 1440 
1414 1359 1405 1416 
1415 1365 1390 1417 
1416 1414 1497 1445 
1417 1415 1436 1465 
1418 1395 1423 1498 
1419 1409 1410 1483 1492 
1420 1424 
1421 1337 1448 4042 
1422 1403 1437 1448 
1423 1384 1418 1430 1474 
1424 1394 1420 1503 
1425 1354 1427 1510 
1426 1401 1412 1493 
1427 1372 1425 1432 
1428 1400 1499 1525 
1429 1389 1431 1489 
1430 1397 1423 4002 1479 
1431 1350 1429 1451 
1432 1427 1435 1512 
1433 1374 1473 1457 
1434 1387 1486 1464 
1435 1432 4659 1442 
1436 1304 1417 1477 
1437 1403 1422 1470 
1438 1396 1497 1478 
1439 1441 3958 1516 
1440 1413 1473 
1441 1323 1439 1476 
1442 1435 1446 1519 
1443 1387 1486 1462 
1444 1347 1454 1482 
1445 1416 1458 1532 
1446 1442 1455 4661 
1447 1460 3581 1449 4327 
1448 1421 1422 3725 
1449 1447 4326 1461 1516 
1450 1406 3757 1480 
1451 1431 1456 1502 
1452 1361 1471 1462 
1453 1411 3691 3696 3695 
1454 1348 1444 1456 1507 
1455 1446 1526 1459 
1456 1349 1451 1454 
1457 1433 1470 1511 
1458 1385 1445 1499 
1459 1338 1455 1472 
1460 1447 1461 1551 3580 
1461 1449 1460 1491 1551 
1462 1443 1452 1535 
1463 1331 1509 
1464 1401 1434 1514 1493 
1465 1417 1478 1494 
1466 1400 4587 1536 
1467 1334 1344 1543 1547 
1468 1508 3692 3669 
1469 1495 
1470 1437 1457 3807 1495 
1471 1386 1452 1475 
1472 1306 1459 1477 
1473 1433 1440 1511 
1474 1423 1517 1479 
1475 1471 1535 1489 
1476 1378 1441 4179 
1477 1436 1472 1531 
1478 1438 1465 1515 1534 
1479 1430 1474 4003 3981 
1480 1406 1450 1488 
1481 1408 1409 1492 1500 
1482 1444 1500 1507 
1483 1419 1553 1505 
1484 5046 
1485 1503 
1486 1434 1443 1530 1506 
1487 1344 1543 1704 
1488 1410 1480 3812 
1489 1429 1475 1605 1496 
1490 1537 4960 1545 
1491 1461 1504 5056 
1492 1419 1481 1540 1513 
1493 1426 1464 1566 
1494 1465 1531 1515 
1495 1469 1470 1561 1592 
1496 1489 1591 1502 
1497 1416 1438 1534 1532 
1498 1418 1517 3700 
1499 1428 1458 1565 
1500 1481 1482 1513 1603 
1501 1541 4843 4844 
1502 1451 1496 1507 1564 
1503 1424 1485 1518 1522 
1504 1491 1523 4559 
1505 1483 1529 1549 
1506 1486 1514 1538 
1507 1454 1482 1502 
1508 1468 3673 3694 
1509 1463 1556 4033 
1510 1425 1528 1518 
1511 1457 1473 1555 
1512 1432 1519 1528 
1513 1492 1500 1533 
1514 1464 1506 1544 
1515 1478 1494 1573 
1516 1439 1449 1523 1545 
1517 1474 1498 3981 
1518 1503 1510 1569 
1519 1442 1512 1520 
1520 1519 1526 1560 
1521 1539 1559 1567 
1522 1503 
1523 1504 1516 1662 1558 
1524 1541 
1525 1428 1634 1536 
1526 1455 1520 1629 1548 
1527 1539 1546 3668 
1528 1510 1512 1596 
1529 1505 1540 1549 
1530 1486 1626 1562 
1531 1477 1494 1577 1588 
1532 1445 1497 1570 
1533 1513 1712 1612 
1534 1478 1497 1573 
1535 1462 1475 1593 1583 
1536 1466 1525 1690 1582 
1537 1490 4229 4587 
1538 1506 1562 1544 
1539 1521 1527 1585 
1540 1492 1529 1590 
1541 1501 1524 1580 1550 
1542 1584 3976 4033 
1543 1467 1487 4359 
1544 1514 1538 1566 
1545 1490 1516 1558 1571 
1546 1527 1554 1663 
1547 1467 1763 
1548 1526 1577 1657 
1549 1505 1529 1553 
1550 1541 
1551 1460 1461 4408 
1552 1582 4587 4229 
1553 1483 1549 1597 
1554 1546 1607 1563 
1555 1511 3807 1666 1569 
1556 1509 1574 
1557 1587 
1558 1523 1545 3727 4594 
1559 1521 1567 1594 
1560 1520 
1561 1495 4919 1572 
1562 1530 1538 1610 
1563 1554 1579 
1564 1502 1603 1591 
1565 1499 1570 1602 
1566 1493 1544 1702 
1567 1521 1559 1585 1611 
1568 3677 1616 3670 
1569 1518 1555 1575 
1570 1532 1565 1679 
1571 1545 4229 4340 
1572 1561 1592 1587 
1573 1515 1534 1627 
1574 1556 1671 1576 
1575 1569 1596 1715 
1576 1574 1581 1673 
1577 1531 1548 1727 1632 
1578 1613 5056 1680 
1579 1563 1599 
1580 1541 1625 1586 4842 
1581 1576 1685 4033 
1582 1536 1552 1598 4340 
1583 1535 1614 1642 
1584 1542 1639 3978 
1585 1539 1567 1637 
1586 1580 
1587 1557 1572 1631 
1588 1531 1632 1624 
1589 1594 
1590 1540 1601 1597 
1591 1496 1564 1605 
1592 1495 1572 4581 1653 
1593 1535 1606 1642 
1594 1559 1589 1611 
1595 3978 1646 3976 
1596 1528 1575 1615 1650 
1597 1553 1590 1600 
1598 1582 1604 
1599 1579 1623 1622 
1600 1597 1609 3812 1688 
1601 1590 1638 4977 
1602 1565 1621 1619 
1603 1500 1564 1617 1664 1612 
1604 1598 1658 
1605 1489 1591 1614 
1606 1593 1626 1660 
1607 1554 1645 1623 
1608 1631 
1609 1600 4573 1780 
1610 1562 1618 1681 
1611 1567 1594 1637 
1612 1533 1603 1617 1647 
1613 1578 1680 4559 
1614 1583 1605 1672 
1615 1596 1667 1629 
1616 1568 3679 3863 3680 
1617 1603 1612 1655 1649 
1618 1610 
1619 1602 
1620 1810 1641 1669 
1621 1602 4973 1634 
1622 1599 1689 1640 
1623 1599 1607 1656 
1624 1588 1627 1674 
1625 1580 1648 1633 4845 
1626 1530 1606 1724 1665 
1627 1573 1624 1679 
1628 1678 3670 3675 
1629 1526 1615 1657 1748 
1630 1659 3808 3818 
1631 1587 1608 1683 
1632 1577 1588 1674 
1633 1625 
1634 1525 1621 1711 
1635 4573 1659 1693 
1636 1691 1743 4339 
1637 1585 1611 1682 1663 
1638 1601 4031 1688 
1639 1584 1698 3977 
1640 1622 1746 1651 
1641 1620 1797 1666 3807 
1642 1583 1593 1660 
1643 1644 
1644 1643 1648 1736 
1645 1607 1677 1656 
1646 1595 3977 4001 
1647 1612 1655 1712 
1648 1625 1644 1682 
1649 1617 1684 1675 
1650 1596 
1651 1640 1769 1661 
1652 1668 
1653 1592 1668 1714 
1654 4559 1662 
1655 1617 1647 1684 1723 
1656 1623 1645 1705 
1657 1548 1629 1764 
1658 1604 1710 
1659 1630 1635 4517 
1660 1606 1642 1724 1718 
1661 1170 1651 1694 1778 
1662 1523 1654 3728 
1663 1546 1637 4124 
1664 1603 1675 1672 
1665 1626 1681 1804 
1666 1555 1641 1697 
1667 1615 
1668 1652 1653 1734 
1669 1620 1772 
1670 1729 
1671 1574 1673 
1672 1614 1664 1692 1676 
1673 1576 1671 1685 
1674 1624 1632 1732 
1675 1649 1664 1749 1692 
1676 1672 1700 1718 
1677 1645 1695 1705 
1678 1628 3861 1725 
1679 1570 1627 1821 1728 
1680 1578 1613 5046 
1681 1610 1665 1686 
1682 1637 1648 1755 1747 
1683 1631 1719 4918 
1684 1649 1655 1730 
1685 1581 1673 1762 
1686 1681 1811 1702 
1687 1735 
1688 1600 1638 1754 
1689 1622 
1690 1536 1716 1710 
1691 1636 1699 1784 
1692 1672 1675 1802 1700 
1693 1635 4588 1720 
1694 1661 1774 1782 
1695 1677 1713 1755 
1696 4047 1827 1745 4042 
1697 1666 1733 1797 
1698 1639 1706 
1699 1691 1775 1701 4594 
1700 1676 1692 1814 1731 
1701 1699 1738 
1702 1566 1686 1805 
1703 1736 
1704 1487 1786 4409 
1705 1656 1677 1713 
1706 1698 1708 
1707 1740 
1708 1706 4001 3977 
1709 1714 
1710 1658 1690 1744 
1711 1634 1716 4333 
1712 1533 1647 1722 
1713 1695 1705 1790 
1714 1653 1709 1734 
1715 1575 1729 1848 
1716 1690 1711 1829 
1717 3682 4937 3678 
1718 1660 1676 1731 1815 
1719 1683 1726 1739 
1720 1693 1785 4517 
1721 1795 1722 1754 4031 
1722 1712 1721 1723 1796 
1723 1655 1722 1730 
1724 1626 1660 1800 
1725 1678 3682 3680 
1726 1719 
1727 1577 3779 1741 
1728 1679 1753 1737 
1729 1670 1715 1842 1735 
1730 1684 1723 1749 1789 
1731 1700 1718 1771 1819 
1732 1674 1770 1741 
1733 1697 
1734 1668 1714 1776 
1735 1687 1729 1748 
1736 1644 1703 1740 
1737 1728 1768 1844 
1738 1701 1783 1807 
1739 1719 1756 1767 
1740 1707 1736 1747 
1741 1727 1732 3780 
1742 1743 1744 4340 3849 
1743 1636 1742 1798 
1744 1710 1742 1801 
1745 1696 4476 4043 4046 
1746 1640 
1747 1682 1740 1750 1855 
1748 1629 1735 1841 1764 
1749 1675 1730 1757 1817 
1750 1747 4846 1859 
1751 4408 4945 5046 4947 
1752 1759 
1753 1728 1768 1770 
1754 1688 1721 1780 1808 
1755 1682 1695 1790 
1756 1739 
1757 1749 1777 1907 
1758 1805 
1759 1752 1828 1762 
1760 1763 
1761 3720 
1762 1685 1759 1773 
1763 1547 1760 1787 
1764 1657 1748 1779 1826 
1765 1765 1886 
1766 1837 
1767 1739 1776 1827 
1768 1737 1753 1876 
1769 1651 
1770 1732 1753 1824 
1771 1731 1867 1892 
1772 1669 1850 
1773 1762 4788 1839 
1774 1694 1778 3652 3651 
1775 1699 1875 5012 1783 
1776 1734 1767 1810 1865 
1777 1757 1909 1802 
1778 1661 1774 3879 
1779 1764 1833 1788 
1780 1609 1754 1793 
1781 3655 5096 3654 
1782 1694 3651 3655 
1783 1738 1775 1845 1840 
1784 1691 1896 5012 1798 
1785 1720 1834 1791 4588 
1786 1704 
1787 1763 1812 1857 
1788 1779 3779 1816 
1789 1730 1796 1817 
1790 1713 1755 3879 
1791 1785 5041 4524 
1792 1807 1858 4589 
1793 1780 4588 4198 
1794 1825 1799 4597 
1795 1721 1832 1799 
1796 1722 1789 1899 
1797 1641 1697 1851 
1798 1743 1784 4585 
1799 1794 1795 1825 
1800 1724 1815 1804 
1801 1744 1822 
1802 1692 1777 1809 
1803 1806 
1804 1665 1800 1811 
1805 1702 1758 1830 
1806 1803 1862 1818 
1807 1738 1792 1840 
1808 1754 1831 4522 
1809 1802 1814 1910 
1810 1620 1776 1847 
1811 1686 1804 1830 
1812 1787 
1813 1822 4015 1882 
1814 1700 1809 1972 
1815 1718 1800 1819 1895 
1816 1788 3780 1824 
1817 1749 1789 1899 
1818 1806 
1819 1731 1815 1854 
1820 3848 3721 3847 
1821 1679 4333 1856 
1822 1801 1813 1829 
1823 1832 
1824 1770 1816 1838 1872 
1825 1794 1799 4596 
1826 1764 1849 
1827 1696 1767 3762 
1828 1759 1839 1885 
1829 1716 1822 1894 1866 
1830 1805 1811 1898 1895 
1831 1808 1870 4528 
1832 1795 1823 1871 
1833 1779 1872 1928 
1834 1785 4198 5041 4967 
1835 1886 
1836 1878 3652 3651 
1837 1766 1873 1846 
1838 1824 1881 1843 
1839 1773 1828 1897 
1840 1783 1807 1869 
1841 1748 1842 1852 
1842 1729 1841 1848 
1843 1838 1874 1934 
1844 1737 1876 1856 
1845 1783 1875 1869 3731 
1846 1837 1923 1857 
1847 1810 1850 1863 
1848 1715 1842 1908 1851 
1849 1826 1852 1940 
1850 1772 1847 1851 
1851 1797 1848 1850 1912 
1852 1841 1849 1943 
1853 1860 
1854 0 1819 1867 
1855 1747 3878 3862 
1856 1821 1844 1889 
1857 1787 1846 1923 
1858 1792 1877 4470 
1859 1750 1862 3862 
1860 1853 1901 3653 
1861 4333 1866 1976 
1862 1806 1859 3879 
1863 1847 1865 1900 
1864 1878 1903 3652 
1865 1776 1863 1902 
1866 1829 1861 1880 
1867 1771 1854 1892 
1868 1883 3720 1891 
1869 1840 1845 4470 
1870 1831 1871 1904 
1871 1832 1870 1915 
1872 1824 1833 1881 1924 
1873 1837 3518 2069 
1874 1843 1920 1926 
1875 1775 1845 1888 
1876 1768 1844 1889 
1877 1858 
1878 1836 1864 1921 
1879 4198 4528 3733 
1880 1866 1990 1894 
1881 1838 1872 1950 1957 
1882 1813 1918 1935 
1883 1868 1932 3721 
1884 1890 4999 4501 4998 
1885 1828 1897 
1886 1765 1835 1927 
1887 1891 
1888 1875 4586 1896 
1889 1856 1876 1926 
1890 1884 4424 4510 4423 4501 
1891 1868 1887 1929 
1892 1771 1867 1942 
1893 1983 1906 1898 
1894 1829 1880 1918 
1895 0 1815 1830 2020 
1896 1784 1888 4585 
1897 1839 1885 3992 
1898 1830 1893 1919 
1899 1796 1817 1911 
1900 1863 1902 4238 
1901 1860 3879 1938 
1902 1865 1900 1936 
1903 1864 1941 1921 
1904 1870 1915 4725 
1905 1948 
1906 1893 2000 1913 
1907 1757 1909 3444 
1908 1848 1912 1922 
1909 1777 1907 1910 
1910 1809 1909 1973 
1911 1899 1915 1948 
1912 1851 1908 1917 
1913 1906 1916 1937 
1914 3492 4967 4946 
1915 1871 1904 1911 4720 
1916 1913 1927 1937 
1917 1912 1956 4238 
1918 1882 1894 4719 
1919 1898 1974 
1920 1874 1934 1944 
1921 1878 1903 1963 
1922 1908 1943 1955 
1923 1846 1857 2037 
1924 1872 1950 1928 
1925 1965 3879 1938 
1926 1874 1889 1966 1962 
1927 1886 1916 1951 
1928 1833 1924 1940 
1929 1891 1930 1951 
1930 1929 1988 1931 
1931 1930 1932 1988 
1932 1883 1931 2022 
1933 4470 3730 1945 
1934 1843 1920 1957 1971 
1935 1882 4719 1939 
1936 1902 1959 4238 
1937 1913 1916 2023 
1938 1901 1925 1965 
1939 1935 1996 1960 
1940 1849 1928 1992 1943 
1941 1903 1963 
1942 0 1892 1972 
1943 1852 1922 1940 2007 
1944 1920 1971 1962 
1945 1933 1961 1946 
1946 1945 1984 1949 
1947 4950 1949 2076 
1948 1905 1911 1973 
1949 1946 1947 2052 
1950 1881 1924 1981 1970 
1951 1927 1929 2004 
1952 4929 1953 4027 3878 4269 1977 
1953 1952 3884 3886 3992 4929 
1954 4720 4724 4725 
1955 1922 1967 1989 
1956 1917 1978 2012 
1957 1881 1934 1970 
1958 2026 2005 4719 
1959 1936 
1960 1939 3849 3850 
1961 1945 1993 2054 
1962 1926 1944 1999 
1963 1921 1941 
1964 4827 1975 3849 4585 
1965 1925 1938 4247 
1966 1926 1976 1999 
1967 1955 
1968 3838 1982 2008 
1969 2059 3656 2058 
1970 1950 1957 2061 
1971 1934 1944 4230 
1972 1814 1942 1980 4535 
1973 1910 1948 1980 
1974 1919 3578 
1975 1964 3850 2036 2017 
1976 1861 1966 1990 
1977 1952 4269 2003 
1978 1956 1989 2032 
1979 3794 4828 2038 4510 
1980 1972 1973 4637 
1981 1950 1992 2013 
1982 1968 4829 2008 4828 
1983 1893 1994 2000 
1984 1946 1985 2042 
1985 1984 1986 4461 
1986 1985 
1987 2012 4238 3762 
1988 1930 1931 2014 
1989 1955 1978 2007 
1990 1880 1976 2026 
1991 0 2006 2018 
1992 1940 1981 2090 
1993 1961 2009 2030 
1994 1983 2016 2057 
1995 4270 4469 3562 1997 
1996 1939 3850 2005 
1997 1995 4723 2031 
1998 2010 2001 3886 
1999 1962 1966 2028 
2000 1906 1983 2023 2016 
2001 1998 2040 3887 
2002 3731 4586 3729 
2003 1977 4271 3862 2027 
2004 1951 2014 2034 
2005 1958 1996 2017 2045 
2006 1991 2018 4535 
2007 1943 1989 2029 2089 
2008 1968 1982 4130 
2009 1993 2046 2041 
2010 1998 2088 2094 
2011 2044 2013 4994 
2012 1956 1987 2032 
2013 1981 2011 2044 
2014 1988 2004 2079 2021 
2015 4709 4793 3871 3872 
2016 1994 2000 2084 2033 
2017 1975 2005 2051 
2018 1991 2006 2020 4272 
2019 2037 
2020 1895 2018 4273 3578 
2021 2014 2087 2024 
2022 1932 2024 2091 
2023 1937 2000 2033 
2024 2021 2022 5137 
2025 2064 
2026 1958 1990 2045 
2027 2003 4274 4247 4248 
2028 1999 4231 4230 
2029 2007 2103 3734 
2030 1993 2082 3729 
2031 1997 4272 2035 3749 
2032 1978 2012 2064 
2033 2016 2023 2048 2102 
2034 2004 2065 2072 
2035 2031 3643 4273 4397 
2036 1975 2062 2051 
2037 1923 2019 2056 
2038 1979 3838 3841 
2039 4130 2047 3795 3796 
2040 2001 2060 
2041 2009 2046 2073 
2042 1984 2052 2049 
2043 2085 2080 4929 
2044 2011 2013 2075 
2045 2005 2026 2051 3851 
2046 2009 2041 4390 
2047 2039 2050 3795 
2048 2033 2065 2102 
2049 2042 2136 2054 
2050 2047 2069 4130 
2051 2017 2036 2045 4401 
2052 1949 2042 2055 
2053 2106 2110 4469 
2054 1961 2049 2073 
2055 2052 2076 4180 
2056 2037 2067 
2057 1994 2068 5107 
2058 1969 2059 3890 4277 
2059 1969 2058 4276 4248 
2060 2040 2088 
2061 1970 4232 2075 
2062 2036 4873 3539 
2063 3604 
2064 2025 2032 2089 
2065 2034 2048 2072 2128 
2066 3526 2077 3527 
2067 2056 2069 2260 
2068 2057 5107 2084 
2069 1873 2050 2067 
2070 4277 3891 2071 2141 
2071 2070 2141 3991 4276 
2072 2034 2065 2079 
2073 2041 2054 2083 
2074 2099 
2075 2044 2061 2090 
2076 1947 2055 4817 
2077 2066 2104 2120 
2078 2104 
2079 2014 2072 2087 
2080 2043 2085 2105 
2081 2126 2086 3997 
2082 2030 2083 3539 
2083 2073 2082 2112 
2084 2016 2068 2102 
2085 2043 2080 3889 
2086 2081 2137 2097 
2087 2021 2079 2093 
2088 2010 2060 2098 
2089 2007 2064 2107 2135 
2090 1992 2075 2099 5092 
2091 2022 2093 2108 4364 
2092 4279 5107 2116 3578 
2093 2087 2091 5137 
2094 2010 2098 
2095 3963 3851 4402 
2096 4279 4397 2118 
2097 2086 2143 2100 
2098 2088 2094 3893 
2099 2074 2090 2103 
2100 2097 2146 4810 
2101 2144 3749 2190 
2102 2033 2048 2084 
2103 2029 2099 2107 
2104 2077 2078 2130 
2105 2080 2123 2117 
2106 2053 2111 2109 
2107 2089 2103 3771 
2108 2091 3648 3890 4364 
2109 2106 2110 2114 
2110 2053 2109 2145 
2111 2106 4466 2114 
2112 2083 
2113 3964 3860 
2114 2109 2111 4463 
2115 4366 3567 3648 3891 
2116 2092 4280 2128 
2117 2105 2119 2139 
2118 2096 4280 2158 2134 
2119 2117 
2120 2077 2333 2129 
2121 2161 2124 4366 
2122 4281 4364 2128 
2123 2105 2147 2139 
2124 2121 4281 2173 2134 
2125 4184 4526 2127 
2126 2081 2151 2137 
2127 2125 4184 4816 
2128 2065 2116 2122 4282 
2129 2120 2197 2148 
2130 2104 2166 2273 
2131 3964 2142 2138 
2132 3618 2187 3568 
2133 4180 2167 2149 
2134 2118 2124 4282 
2135 2089 4431 3865 
2136 2049 2164 4180 
2137 2086 2126 2140 
2138 2131 2142 5092 4555 
2139 2117 2123 2152 
2140 2137 2143 2154 
2141 2070 2071 3572 
2142 2131 2138 3842 3841 
2143 2097 2140 2146 
2144 2101 2145 2170 
2145 2110 2144 2176 
2146 2100 2143 2165 
2147 2123 3900 3750 
2148 2129 2228 3866 
2149 2133 2178 4670 
2150 2174 4715 4822 
2151 2126 2154 4342 
2152 2139 2171 3750 
2153 8 2164 
2154 2140 2151 2165 
2155 2171 
2156 2216 4184 3875 
2157 2170 4988 2177 
2158 2118 2162 2182 2192 
2159 2160 2161 2205 
2160 2159 2168 
2161 2121 2159 2198 2163 
2162 2158 2181 2175 
2163 2161 4990 4338 
2164 2136 2153 2239 2167 
2165 2146 2154 3569 
2166 2130 2273 
2167 2133 2164 2178 
2168 2160 2173 
2169 2191 4367 3567 
2170 2144 2157 2177 
2171 2152 2155 3751 
2172 3489 
2173 2124 2168 2175 
2174 2150 2176 4468 
2175 2162 2173 2208 
2176 2145 2174 2183 
2177 2157 2170 2206 
2178 2149 2167 5082 4570 
2179 2182 
2180 3901 3897 2211 3571 
2181 2162 
2182 2158 2179 2209 
2183 2176 2188 2201 
2184 4266 
2185 4774 4776 3450 
2186 3450 4782 4783 3451 4384 4779 
2187 2132 2221 2256 
2188 2183 2202 2201 
2189 4266 4775 2226 4774 
2190 2101 2212 4826 
2191 2169 2194 2256 
2192 2158 2209 2210 
2193 4402 3852 2196 4181 
2194 2191 4338 2243 
2195 2196 4781 4228 
2196 2193 2195 4400 
2197 2129 2285 2228 
2198 2161 2205 2231 4338 
2199 4181 4400 2229 
2200 2201 2204 2235 
2201 2183 2188 2200 2269 
2202 2188 2214 2259 
2203 2207 3893 
2204 2200 4821 2238 
2205 2159 2198 2230 4334 
2206 2177 4989 2214 
2207 2203 2234 3904 
2208 2175 2210 2249 
2209 2182 2192 2236 
2210 2192 2208 2241 
2211 2180 4313 2213 
2212 2190 2225 2219 
2213 2211 2217 4311 
2214 2202 2206 2222 
2215 2260 
2216 2156 4570 2220 
2217 2213 2218 4312 
2218 2217 4314 2221 
2219 2212 2224 4989 
2220 2216 
2221 2187 2218 2268 
2222 2214 4360 4363 
2223 2226 
2224 2219 2232 4363 
2225 2212 4192 4826 2250 
2226 2189 2223 2257 
2227 4105 4533 4182 4183 
2228 2148 2197 2285 
2229 2199 2252 4105 
2230 2205 2231 2247 
2231 2198 2230 2246 
2232 2224 2248 2250 
2233 2345 3790 2297 
2234 2207 3906 3914 
2235 2200 2251 4185 
2236 2209 2240 2242 
2237 2310 4266 3867 
2238 2204 2245 2276 
2239 2164 3522 4128 
2240 2236 4192 2266 
2241 2210 2267 2242 
2242 2236 2241 2261 
2243 2194 2263 2246 
2244 2251 
2245 2238 5027 4987 
2246 2231 2243 2247 2263 
2247 2230 2246 4336 
2248 2232 2254 2270 
2249 2208 2275 4335 
2250 2225 2232 4193 2286 
2251 2235 2244 4186 
2252 2229 3790 3791 
2253 4342 
2254 2248 
2255 2259 
2256 2187 2191 2274 
2257 2226 
2258 3522 3557 4532 5082 
2259 2202 2255 4860 
2260 2067 2215 2296 
2261 2242 2279 2267 
2262 2264 4316 4315 
2263 2243 2246 2277 
2264 2262 2268 4310 
2265 4543 4987 2269 
2266 2240 2281 4107 
2267 2241 2261 2287 
2268 2221 2264 4317 
2269 2201 2265 2283 
2270 2248 4363 2286 
2271 4748 2272 2277 
2272 2271 2291 2294 
2273 2130 2166 2334 
2274 2256 2277 2327 
2275 2249 2302 4337 2287 
2276 2238 2278 4874 
2277 2263 2271 2274 2348 
2278 2276 4987 2283 
2279 2261 2287 2281 
2280 2303 
2281 2266 2279 2298 
2282 3908 2364 3913 
2283 2269 2278 4857 
2284 2290 
2285 2197 2228 2333 
2286 2250 2270 4194 2307 
2287 2267 2275 2279 
2288 2304 
2289 2311 2308 2292 
2290 2284 2306 
2291 2272 2316 2317 
2292 2289 2297 2369 4850 
2293 2295 4857 2312 
2294 2272 2302 2324 
2295 2293 2315 3466 
2296 2260 2602 4267 3566 
2297 2233 2292 2377 3564 
2298 2281 4189 4190 4856 
2299 4876 4551 4874 
2300 4187 3467 4858 
2301 4825 3767 4971 
2302 2275 2294 4189 
2303 2280 4428 4533 4772 
2304 2288 2332 2344 
2305 2306 4652 2330 
2306 2290 2305 4521 
2307 2286 4705 4388 
2308 2289 2340 2320 2318 
2309 2313 5014 4696 
2310 2237 2332 2802 
2311 2289 2337 2395 
2312 2293 3468 2315 
2313 2309 4913 
2314 2339 2353 4540 
2315 2295 2312 2319 
2316 2291 2357 2317 
2317 2291 2316 2328 
2318 2308 2347 4471 
2319 2315 2321 4859 
2320 2308 2337 2340 
2321 2319 2349 2325 
2322 4388 2404 4705 
2323 2388 5062 5059 
2324 2294 2331 2366 
2325 2321 5014 4187 
2326 4913 
2327 2274 2348 2350 
2328 2317 
2329 4006 3706 3557 4802 
2330 2305 3477 2368 
2331 2324 2331 
2332 2304 2310 2754 
2333 2120 2285 2341 
2334 2273 2355 2341 3526 
2335 4362 2361 5014 
2336 2375 5061 4971 
2337 2311 2320 2411 2365 
2338 2351 
2339 2314 2345 2380 
2340 2308 2320 2365 2347 
2341 2333 2334 4283 
2342 2358 
2343 2390 3908 2364 3912 
2344 2304 
2345 2233 2339 2382 
2346 4540 2353 2376 
2347 2318 2340 2370 
2348 2277 2327 2357 
2349 2321 3468 2351 
2350 2327 4682 2392 3923 
2351 2338 2349 2354 
2352 3470 2361 4362 
2353 2314 2346 2380 
2354 2351 4188 2358 
2355 2334 3797 4298 3796 
2356 4712 4190 2359 
2357 2316 2348 2366 
2358 2342 2354 2361 
2359 2356 2366 4189 
2360 4582 5060 2373 
2361 2335 2352 2358 
2362 4007 3942 3524 
2363 3916 2386 2371 
2364 2282 2343 2367 
2365 2337 2340 2419 2370 
2366 2324 2357 2359 
2367 2364 3913 2397 
2368 2330 4812 3477 
2369 2292 2406 2370 
2370 2347 2365 2369 2413 
2371 2363 3915 3570 2396 
2372 4712 
2373 2360 2374 2394 
2374 2373 
2375 2336 3774 2408 
2376 2346 2385 2427 
2377 2297 2406 4420 
2378 4712 
2379 5051 2399 
2380 2339 2353 2382 
2381 3905 2386 3913 
2382 2345 2380 2429 
2383 4428 4429 4425 
2384 5050 2415 
2385 2376 2405 2423 
2386 2363 2381 3916 
2387 2433 3642 4682 
2388 2323 2408 2402 
2389 5053 4680 4681 
2390 2343 
2391 3523 4350 3521 
2392 2350 2579 2399 
2393 4115 4582 2394 
2394 2373 2393 2403 
2395 2311 2400 2468 
2396 2371 3915 3918 3917 
2397 2367 2410 3922 
2398 2446 2431 4592 3521 
2399 2379 2392 2409 
2400 2395 2591 2411 
2401 2435 2402 3627 
2402 2388 2401 2543 
2403 2394 2404 4388 2426 
2404 2322 2403 2424 4711 
2405 2385 2417 2438 
2406 2369 2377 2450 
2407 2455 2412 2408 
2408 2375 2388 2407 2464 
2409 2399 2432 2415 
2410 2397 
2411 2337 2400 2501 2416 
2412 2407 3774 2414 2467 
2413 2370 3490 2450 
2414 2412 2439 4460 
2415 2384 2409 2434 
2416 2411 2486 2419 
2417 2405 2506 2429 
2418 4196 2420 
2419 2365 2416 2487 
2420 2418 3629 2469 
2421 3920 4140 3919 
2422 2427 2451 4533 
2423 2385 2449 2438 
2424 2404 2426 2440 2482 
2425 3629 2435 4549 
2426 2403 2424 4110 
2427 2376 2422 2449 2454 
2428 2465 2442 3639 
2429 2382 2417 2478 
2430 5054 
2431 2398 2453 2446 
2432 2409 5055 4126 
2433 2387 2437 2444 
2434 2415 5050 2456 
2435 2401 2425 2474 4984 
2436 4427 4425 2451 
2437 2433 2441 2447 
2438 2405 2423 2471 
2439 2414 2443 2466 
2440 2424 2459 2488 
2441 2437 2497 3642 
2442 2428 2459 2465 
2443 2439 2463 4460 
2444 2433 2445 4679 2547 
2445 2444 2545 2447 
2446 2398 2431 2491 
2447 2437 2445 2512 
2448 2661 
2449 2423 2427 2473 
2450 2406 2413 2518 
2451 2422 2436 4351 2454 
2452 4811 4005 4008 
2453 2431 4225 2509 4591 
2454 2427 2451 4352 4354 
2455 2407 2467 2464 
2456 2434 2462 2524 
2457 2498 2462 5052 
2458 2472 
2459 2440 2442 2503 
2460 2470 4679 2484 
2461 3921 3922 
2462 2456 2457 2519 
2463 2443 2466 2504 
2464 2408 2455 4341 
2465 2428 2442 2521 2508 
2466 2439 2463 2494 
2467 2412 2455 2522 
2468 2395 2550 2481 
2469 2420 3633 2474 
2470 2460 2472 2477 
2471 2438 4387 2473 
2472 2458 2470 2479 
2473 2449 2471 2480 
2474 2435 2469 2516 
2475 4112 2476 4115 
2476 2475 4113 2530 
2477 2470 2479 4678 
2478 2429 2490 2531 
2479 2472 2477 2493 
2480 2473 4387 2517 
2481 3 2468 2499 
2482 2424 2485 2488 2554 
2483 3868 
2484 2460 2489 
2485 2482 4113 4110 4685 
2486 2416 2496 2501 
2487 2419 2496 2555 
2488 2440 2482 2492 
2489 2484 2527 
2490 2478 2510 2505 
2491 2446 2509 4351 
2492 2488 2569 2503 
2493 2479 
2494 2466 2504 2542 
2495 2514 
2496 2486 2487 4057 2566 
2497 2441 2565 2508 2512 
2498 2457 4969 
2499 3 2481 2563 2523 
2500 2514 3666 4353 
2501 2411 2486 4057 
2502 4969 
2503 2459 2492 2540 2515 
2504 2463 2494 2544 2507 
2505 2490 2529 2538 
2506 2417 4387 2531 
2507 2504 2507 
2508 2465 2497 2513 
2509 2453 2491 2520 3806 
2510 2490 4487 4486 
2511 2548 2530 3632 
2512 2447 2497 2545 
2513 2508 4537 2526 
2514 2495 2500 2537 
2515 2503 2525 2521 
2516 2474 3631 2573 
2517 2480 
2518 2450 2529 2555 
2519 2462 2549 2524 
2520 2509 3864 2539 
2521 2465 2515 2526 
2522 2467 2533 2528 2542 
2523 2 2499 2546 2576 
2524 2456 2519 2527 
2525 2515 2567 2534 
2526 2513 2521 2541 
2527 2489 2524 4678 
2528 2522 2536 2543 4341 
2529 2505 2518 2562 
2530 2476 2511 4686 
2531 2478 2506 4717 
2532 4356 4354 4717 
2533 2522 2593 3941 2536 
2534 2525 2617 2541 
2535 2544 
2536 2528 2533 4389 
2537 2514 
2538 2505 2562 2560 
2539 2520 3806 2582 2561 
2540 2503 2569 2567 
2541 2526 2534 2570 
2542 2494 2522 2557 
2543 2402 2528 4389 4689 
2544 2504 2535 2557 
2545 2445 2512 2565 4674 
2546 7 2523 2603 
2547 2444 4321 3584 
2548 2511 2584 3631 
2549 2519 2552 3583 
2550 2468 2604 2563 
2551 7 2558 2613 
2552 2549 2552 
2553 3584 4673 4678 
2554 2482 2583 4685 2559 
2555 2487 2518 2592 2566 
2556 4227 2581 3806 
2557 2542 2544 2568 
2558 2551 2572 2609 
2559 2554 4686 2578 
2560 2538 2601 4485 2597 
2561 2539 4103 4799 
2562 2529 2538 2574 
2563 2499 2550 2571 
2564 4689 4389 2605 
2565 2497 2545 4537 2599 
2566 2496 2555 2575 
2567 2525 2540 2596 
2568 2557 3511 3943 2581 
2569 2492 2540 2583 
2570 2541 4537 2649 
2571 2563 2576 2620 
2572 2558 2621 2610 
2573 2516 2585 4688 
2574 2562 2597 2607 
2575 2566 2589 4057 
2576 2523 2571 2603 
2577 4993 2593 2629 
2578 2559 4687 2618 2594 
2579 2392 2587 2725 
2580 4486 2612 4488 
2581 2556 2568 4799 3511 
2582 2539 2590 3864 
2583 2554 2569 2588 
2584 2548 2594 4687 4688 
2585 2573 
2586 2662 2599 4537 
2587 2579 2720 3923 
2588 2583 2642 2659 
2589 2575 2591 2660 
2590 2582 4595 2623 
2591 2400 2589 2604 
2592 2555 2607 2660 
2593 2533 2577 2595 2650 
2594 2578 2584 2606 
2595 2593 2615 2657 
2596 2567 2617 2642 
2597 2560 2574 2639 
2598 2643 2598 
2599 2565 2586 2689 2664 
2600 2602 
2601 2560 2608 2639 
2602 2296 2600 2634 
2603 2546 2576 3799 
2604 2550 2591 2632 2620 
2605 2564 4688 2624 2606 
2606 2594 2605 2616 
2607 2574 2592 2637 
2608 2601 2644 4488 
2609 2558 2621 2653 
2610 2572 2613 2647 
2611 4104 4799 3457 
2612 2580 
2613 2551 2610 3799 
2614 2615 
2615 2595 2614 2648 
2616 2606 2666 2655 
2617 2534 2596 2649 
2618 2578 2631 2656 
2619 2669 2625 2680 
2620 2571 2604 2625 
2621 2572 2609 2647 
2622 2817 3919 2661 
2623 2590 2645 2674 
2624 2605 2658 2628 
2625 2619 2620 2654 
2626 4474 
2627 2629 2628 2676 
2628 2624 2627 2715 4389 
2629 2577 2627 2641 
2630 4523 2651 4673 
2631 2618 2656 2655 
2632 2604 2654 2673 
2633 2663 4357 2745 
2634 2602 2638 2646 
2635 4079 3941 2746 
2636 3457 4079 3805 
2637 2607 2683 2735 
2638 2634 2646 
2639 2597 2601 3748 
2640 3799 2667 2669 
2641 2629 4992 2687 
2642 2588 2596 2685 2732 
2643 2598 2651 4456 
2644 2608 4716 4358 3748 
2645 2623 4096 2699 4095 
2646 2634 2638 2865 
2647 2610 2621 4590 2667 
2648 2615 2668 3485 
2649 2570 2617 2685 2662 
2650 2593 4992 2704 2657 
2651 2630 2643 2681 
2652 4892 2663 3665 
2653 2609 4209 4590 
2654 2625 2632 2693 
2655 2616 2631 2682 2694 
2656 2618 2631 2659 
2657 2595 2650 2668 
2658 2624 2670 2678 
2659 2588 2656 2708 
2660 2589 2592 2701 2673 
2661 2448 2622 3924 
2662 2586 2649 2689 
2663 2633 2652 2695 
2664 2599 2686 4985 
2665 2666 4195 2682 
2666 2616 2665 2670 
2667 2640 2647 4059 2724 
2668 2648 2657 3486 
2669 2619 2640 2709 
2670 2658 2666 2731 
2671 2688 
2672 2674 4595 2762 
2673 2632 2660 2693 2717 
2674 2623 2672 2675 
2675 2674 2699 2752 
2676 2627 2801 2800 2687 
2677 2688 4690 2697 
2678 2658 2715 2741 
2679 2686 
2680 2619 2716 2698 
2681 2651 2696 4523 
2682 2655 2665 4195 
2683 2637 2701 4864 
2684 2743 4209 
2685 2642 2649 2690 
2686 2664 2679 2712 
2687 2641 2676 2703 
2688 2671 2677 2707 
2689 2599 2662 2733 2712 
2690 2685 2705 2763 
2691 2691 4663 
2692 4664 4523 2734 
2693 2654 2673 2698 
2694 2655 2753 2708 
2695 2663 2711 4892 
2696 2681 2713 2707 
2697 2677 
2698 2680 2693 2750 
2699 2645 2675 4403 2831 
2700 2711 4886 3667 
2701 2660 2683 2710 
2702 4059 2722 2747 
2703 2687 2704 3479 
2704 2650 2703 2740 
2705 2690 2779 2733 
2706 4209 2724 4590 
2707 2688 2696 2725 
2708 2659 2694 2732 
2709 2669 2716 2727 
2710 2701 2717 2773 
2711 2695 2700 3928 
2712 2686 2689 4633 
2713 2696 2718 2766 
2714 2757 2751 4494 4492 
2715 2628 2678 2783 
2716 2680 2709 2769 
2717 2673 2710 2729 
2718 2713 2721 
2719 4890 
2720 2587 2813 3925 3924 
2721 2718 2761 
2722 2702 2727 2748 
2723 4195 2753 2731 
2724 2667 2706 2799 2747 
2725 2579 2707 5103 2744 
2726 2730 4404 
2727 2709 2722 2748 
2728 2755 
2729 2717 2750 2784 
2730 2726 2758 
2731 2670 2723 2741 
2732 2642 2708 2763 
2733 2689 2705 2804 2808 
2734 2692 
2735 2637 4790 3748 4885 
2736 2745 4261 4595 
2737 2739 5117 3805 
2738 4664 
2739 2737 2746 3455 
2740 2704 3588 
2741 2678 2731 2772 
2742 2756 
2743 2684 4060 
2744 2725 2786 
2745 2633 2736 2790 
2746 2635 2739 2759 
2747 2702 2724 2774 
2748 2722 2727 2774 
2749 2756 
2750 2698 2729 2769 
2751 2714 2791 4267 
2752 2675 2762 2780 
2753 2694 2723 2772 
2754 2332 2802 2834 
2755 2728 2758 5116 
2756 2742 2749 2760 
2757 2714 2791 2798 
2758 2730 2755 2770 
2759 2746 3943 2803 
2760 2756 2764 2767 
2761 2721 2766 2765 
2762 2672 2752 4261 
2763 2690 2732 2779 
2764 2760 
2765 2761 2766 4539 
2766 2713 2761 2765 
2767 2760 4662 5142 
2768 2778 
2769 2716 2750 2794 2789 
2770 2758 2776 2778 
2771 2793 
2772 2741 2753 2783 
2773 2710 4867 2784 
2774 2747 2748 2794 
2775 4662 2805 2777 
2776 2770 2818 2795 
2777 2775 
2778 2768 2770 2785 
2779 2705 2763 2804 2859 
2780 2752 4261 2831 
2781 2788 2815 3943 
2782 4061 4060 4209 
2783 2715 2772 2801 2891 
2784 2729 2773 2793 
2785 2778 
2786 2744 2813 
2787 2787 2789 
2788 2781 2800 3479 
2789 2769 2787 3952 
2790 2745 4369 2810 
2791 2751 2757 4377 
2792 4261 2807 2824 
2793 2771 2784 2820 
2794 2769 2774 4848 
2795 2776 2812 2847 
2796 2821 
2797 3453 2809 3454 
2798 2757 
2799 2724 4061 2823 
2800 2676 2788 3634 2890 
2801 2676 2783 3634 
2802 2310 2754 3766 
2803 2759 2866 2809 
2804 2733 2779 4675 
2805 2775 2811 
2806 2825 2806 
2807 2792 
2808 2733 2828 2838 4662 
2809 2797 2803 2814 
2810 2790 2824 3929 
2811 2805 4453 
2812 2795 2827 5116 
2813 2720 2786 2896 
2814 2809 3453 2867 
2815 2781 2835 3482 
2816 2871 3453 2819 
2817 2622 2985 3925 
2818 2776 2847 2851 
2819 2816 3592 3455 
2820 2793 2876 3952 
2821 2796 2822 2828 
2822 2821 
2823 2799 2895 2844 
2824 2792 2810 2874 
2825 2806 2857 4457 
2826 5102 5104 2828 
2827 2812 2841 2920 
2828 2808 2821 2826 
2829 2830 2850 
2830 2829 2858 
2831 2699 2780 2839 
2832 4677 
2833 3804 2836 3789 
2834 2754 2939 3765 
2835 2815 2877 3480 
2836 2833 2940 2841 
2837 2852 2837 
2838 2808 2845 4666 
2839 2831 2851 2874 
2840 4735 
2841 2827 2836 2944 
2842 2884 
2843 2854 
2844 2823 2883 2895 
2845 2838 2870 4552 
2846 2848 
2847 2795 2818 2880 
2848 2846 4736 4735 
2849 2869 2862 2860 
2850 2829 2878 2873 
2851 2818 2839 2880 
2852 2837 2875 2853 
2853 2852 
2854 2843 2886 2861 
2855 4733 
2856 2882 4733 4734 
2857 2825 2859 2891 
2858 2830 2883 2894 5085 
2859 2779 2857 4677 
2860 2849 2917 2864 
2861 2854 3483 2888 
2862 2849 2881 2869 
2863 4675 2916 4666 
2864 2860 4454 
2865 2646 3017 4267 
2866 2803 2912 2867 
2867 2814 2866 2871 
2868 2875 4737 2872 
2869 2849 2862 2870 
2870 2845 2869 2907 
2871 2816 2867 2918 
2872 2868 4736 2889 
2873 2850 2878 2902 
2874 2824 2839 2906 
2875 2852 2868 2908 
2876 2820 4798 4885 2901 
2877 2835 3476 3480 
2878 2850 2873 2925 
2879 2881 
2880 2847 2851 2920 
2881 2862 2879 4630 
2882 2856 2910 2889 
2883 2844 2858 2961 2925 
2884 2842 2886 2900 4668 
2885 4917 4916 2909 
2886 2854 2884 2913 3483 
2887 2893 
2888 2861 3483 2898 2890 
2889 2872 2882 4732 
2890 2800 2888 2937 3475 
2891 2783 2857 2927 3036 
2892 4454 
2893 2887 4668 2927 
2894 2858 
2895 2823 2844 2961 
2896 2813 2897 3070 
2897 2896 2921 2908 
2898 2888 
2899 2903 4737 
2900 2884 
2901 2876 2983 3853 
2902 2873 2924 
2903 2899 
2904 4848 2930 3446 
2905 2910 2905 
2906 2874 2971 2911 
2907 2870 2926 2909 
2908 2875 2897 2929 
2909 2885 2907 2934 
2910 2882 2905 2922 
2911 2906 2911 
2912 2866 2964 2918 
2913 2886 
2914 2917 
2915 2916 4676 
2916 2863 2915 
2917 2860 2914 2919 
2918 2871 2912 3592 
2919 2917 
2920 2827 2880 2942 
2921 2897 2921 
2922 2910 2936 2923 
2923 2922 2923 
2924 2902 4054 
2925 2878 2883 2933 2955 
2926 2907 2965 2966 
2927 2891 2893 2945 2937 
2928 2934 
2929 2908 2935 2953 
2930 2904 2952 
2931 2972 5101 2936 
2932 2938 2932 
2933 2925 2954 2951 
2934 2909 2928 2948 
2935 2929 2950 2938 
2936 2922 2931 2956 
2937 2890 2927 3587 2943 
2938 2932 2935 2957 
2939 2834 4373 4378 
2940 2836 2944 5115 
2941 3853 2986 4798 
2942 2920 2946 2987 
2943 2937 3020 3943 
2944 2841 2940 2946 2980 
2945 2927 2959 2969 
2946 2942 2944 3007 
2947 2960 
2948 2934 2965 2949 
2949 2948 
2950 2935 
2951 2933 2954 2968 
2952 2930 2979 
2953 2929 2953 
2954 2933 2951 2968 
2955 2925 4054 3445 
2956 2936 4490 2973 
2957 2938 4490 4538 
2958 2964 2970 5091 
2959 2945 2960 2967 
2960 2947 2959 2963 
2961 2883 2895 2981 
2962 2964 2988 3983 
2963 2960 
2964 2912 2958 2962 2984 
2965 2926 2948 2966 
2966 2926 2965 2972 
2967 2959 2974 4023 
2968 2951 2954 2981 
2969 2945 
2970 2958 2984 2980 
2971 2906 2987 2998 
2972 2931 2966 2977 
2973 2956 
2974 2967 2975 4024 
2975 2974 4025 2978 
2976 2989 
2977 2972 2999 3039 
2978 2975 3016 3587 4199 
2979 2952 2983 3014 
2980 2944 2970 2995 
2981 2961 2968 2991 
2982 3017 
2983 2901 2979 3854 4139 
2984 2964 2970 3002 
2985 2817 3925 3199 
2986 2941 3787 4139 
2987 2942 2971 3021 
2988 2962 3000 2990 
2989 2976 2992 2999 
2990 2988 2993 3022 
2991 2981 3014 3445 
2992 2989 3013 3030 
2993 2990 3023 2996 
2994 2994 3010 
2995 2980 3009 3004 
2996 2993 3026 3002 
2997 3000 3983 3011 
2998 2971 3006 3001 
2999 2977 2989 3030 3013 
3000 2988 2997 3012 
3001 2998 3006 3003 
3002 2984 2996 3004 3028 
3003 3001 3930 3029 
3004 2995 3002 3009 
3005 4 4416 3024 4574 
3006 2998 3001 3044 3010 
3007 2946 3008 3038 
3008 3007 
3009 2995 3004 3034 
3010 2994 3006 3040 3021 
3011 2997 3012 3027 
3012 3000 3011 3018 
3013 2992 2999 3030 
3014 2979 2991 3854 
3015 3766 3064 3077 
3016 2978 3645 3020 
3017 2865 2982 3104 
3018 3012 3022 3019 
3019 3018 3050 3027 
3020 2943 3016 3985 
3021 2987 3010 3038 3042 
3022 2990 3018 3023 3049 
3023 2993 3022 3025 
3024 3005 3056 3870 
3025 3023 3026 3051 
3026 2996 3025 3028 
3027 3011 3019 3033 
3028 3002 3026 3032 3736 
3029 3003 3043 3079 
3030 2992 2999 3013 3046 
3031 4 4203 4204 
3032 3028 3034 3078 
3033 3027 3041 3985 
3034 3009 3032 3035 
3035 3034 3082 3037 
3036 2891 3039 3099 
3037 3035 3084 3038 
3038 3007 3021 3037 3088 
3039 2977 3036 3045 4901 
3040 3010 3042 3044 
3041 3033 3053 3055 
3042 3021 3040 3098 
3043 3029 3047 3044 
3044 3006 3040 3043 3059 
3045 3039 3080 3046 
3046 3030 3045 3070 
3047 3043 3052 3169 
3048 3967 
3049 3022 3050 3051 
3050 3019 3049 3075 3053 
3051 3025 3049 3054 
3052 3047 3968 
3053 3041 3050 3055 
3054 3051 3065 3736 
3055 3041 3053 3075 3057 
3056 3024 4479 3870 
3057 3055 3062 3138 
3058 3447 4480 5015 
3059 3044 3069 3060 
3060 3059 3761 3087 
3061 3093 
3062 3057 3140 3067 
3063 5028 3969 4480 
3064 3015 4204 3094 
3065 3054 3076 3736 
3066 3072 3967 
3067 3062 3142 3645 3644 
3068 3096 
3069 3059 3091 3071 
3070 2896 3046 3111 
3071 3069 3072 3120 
3072 3066 3071 3073 3119 
3073 3072 3074 3117 
3074 3073 3115 3968 
3075 3050 3055 3136 
3076 3065 3110 3078 
3077 3015 3672 3449 
3078 3032 3076 3081 
3079 3029 
3080 3045 3080 
3081 3078 3082 3170 
3082 3035 3081 3083 
3083 3082 3084 3175 
3084 3037 3083 3085 
3085 3084 3088 3172 
3086 3104 
3087 3060 3091 3089 
3088 3038 3085 3103 
3089 3087 3092 3732 
3090 3715 3173 3127 
3091 3069 3087 3105 
3092 3089 3093 4980 
3093 3061 3092 3095 4983 
3094 3064 4578 
3095 3093 3096 4982 
3096 3068 3095 3097 
3097 3096 4981 3098 
3098 3042 3097 3100 3141 
3099 3036 4923 3107 
3100 3098 3101 3149 
3101 3100 3103 3156 
3102 4529 3107 4901 4923 
3103 3088 3101 3108 
3104 3017 3086 
3105 3091 3121 3106 
3106 3105 
3107 3099 3102 4923 3123 
3108 3103 4496 4497 
3109 6 3859 3858 4577 
3110 3076 3122 3134 
3111 3070 3209 3717 
3112 4576 4958 3859 5143 
3113 3148 
3114 3115 3131 
3115 3074 3114 3117 
3116 3150 
3117 3073 3115 3118 
3118 3117 3119 3158 
3119 3072 3118 3120 
3120 3071 3119 3121 
3121 3105 3120 3153 
3122 3110 3132 3197 
3123 3107 4924 3124 3164 
3124 3123 3133 4530 4924 
3125 3139 3130 3927 
3126 3128 
3127 3090 3189 3715 3160 
3128 3126 3129 3145 
3129 3128 
3130 3125 4957 4958 
3131 3114 3161 
3132 3122 3135 3200 
3133 3124 3164 4530 
3134 3110 3193 3170 
3135 3132 3202 3136 
3136 3075 3135 3137 
3137 3136 3138 3206 
3138 3057 3137 3140 
3139 3125 3465 3970 
3140 3062 3138 3142 
3141 3098 3145 3149 3207 
3142 3067 3140 3146 
3143 3226 3154 4927 
3144 3229 3819 4576 
3145 3128 3141 3148 
3146 3142 3176 3593 
3147 3150 3148 3179 
3148 3113 3145 3147 
3149 3100 3141 3156 
3150 3116 3147 3151 
3151 3150 3152 3181 
3152 3151 3178 3153 
3153 3121 3152 3155 
3154 3143 4927 4530 
3155 3153 3159 3180 
3156 3101 3149 3166 
3157 3162 3158 3177 
3158 3118 3157 3159 
3159 3155 3158 3183 
3160 1 3127 3204 3969 
3161 3131 3163 3162 
3162 3157 3161 3184 
3163 3161 3165 3186 
3164 3123 3133 4541 
3165 3163 3185 3169 
3166 3156 3172 4499 
3167 3168 3173 3770 
3168 3167 3169 3174 
3169 3047 3165 3168 
3170 3081 3134 3182 
3171 3194 
3172 3085 3166 3175 
3173 3090 3167 3189 
3174 3168 
3175 3083 3172 3182 
3176 3146 3205 3188 
3177 3157 
3178 3152 
3179 3147 
3180 3155 
3181 3151 
3182 3170 3175 3190 
3183 3159 
3184 3162 
3185 3165 
3186 3163 
3187 1 3213 3208 
3188 3176 3201 3198 
3189 3127 3173 3196 
3190 3182 3216 3193 
3191 3196 
3192 3194 3201 3203 
3193 3134 3190 3197 
3194 3171 3192 5089 
3195 4161 4153 4541 
3196 3189 3191 3234 
3197 3122 3193 3200 
3198 3188 3205 3215 
3199 2985 3209 3704 
3200 3132 3197 4415 
3201 3188 3192 3225 
3202 3135 4415 3206 
3203 3192 3203 
3204 3160 
3205 3176 3198 3206 
3206 3137 3202 3205 
3207 3141 3222 3559 
3208 3187 5081 3213 3462 
3209 3111 3199 3219 
3210 3212 4152 4502 
3211 4158 3212 5089 4149 
3212 3210 3211 4160 
3213 3187 3208 3623 
3214 3215 
3215 3198 3214 4201 3722 
3216 3190 3222 4143 4415 
3217 3873 4455 4957 3724 
3218 3219 
3219 3209 3218 3239 
3220 4143 
3221 4201 3224 4695 
3222 3207 3216 3768 
3223 3623 3724 3230 3939 
3224 3221 3708 4064 
3225 3201 3238 3235 
3226 3143 3739 3245 3237 
3227 3940 3234 3623 
3228 3240 3267 4541 
3229 3144 3824 3664 3821 
3230 3223 3242 3624 
3231 3242 3939 3940 
3232 3241 
3233 3249 
3234 3196 3227 3258 
3235 3225 3250 3257 
3236 3471 3252 3873 
3237 3226 4144 3244 
3238 3225 3722 3723 3708 
3239 3219 3561 4144 3739 
3240 3228 3247 3243 
3241 3232 3243 3248 
3242 3230 3231 3938 3252 
3243 3240 3241 3260 
3244 3237 4144 3262 4145 
3245 3226 3259 3266 
3246 3247 
3247 3240 3246 3261 
3248 3241 3249 4731 
3249 3233 3248 3250 3268 
3250 3235 3249 3253 
3251 3256 
3252 3236 3242 3277 
3253 3250 3257 3272 
3254 3255 
3255 3254 3264 3256 
3256 3251 3255 3257 3271 
3257 3235 3253 3256 3269 
3258 3234 3277 3263 
3259 3245 3262 3266 
3260 3243 3268 3261 
3261 3247 3260 3267 
3262 3244 3259 3329 
3263 3258 3263 
3264 3255 
3265 3276 3827 3825 3824 
3266 3245 3259 3267 3305 
3267 3228 3261 3266 3281 
3268 3249 3260 4584 3272 
3269 3257 3270 3271 
3270 3269 
3271 3256 3269 3647 
3272 3253 3268 3278 3286 
3273 4564 4584 4583 
3274 3826 
3275 3768 3325 3769 
3276 3265 3827 
3277 3252 3258 3288 
3278 3272 3282 3296 
3279 4565 
3280 3664 4455 3285 
3281 3267 3287 5058 
3282 3278 3284 3293 
3283 4566 5058 3300 
3284 3282 
3285 3280 3290 3292 
3286 3272 3310 3297 4171 
3287 3281 3295 5058 
3288 3277 3289 
3289 3288 
3290 3285 3471 3292 
3291 3291 4566 
3292 3285 3290 3318 
3293 3282 3299 3294 
3294 3293 
3295 3287 4074 5058 
3296 3278 3297 3302 
3297 3286 3296 3317 
3298 3302 
3299 3293 3303 3301 
3300 3283 3313 4072 
3301 3299 
3302 3296 3298 3306 
3303 3299 3307 3312 
3304 3306 
3305 3266 3323 3314 
3306 3302 3304 3307 
3307 3303 3306 3312 
3308 3319 
3309 3311 3319 3793 3561 
3310 3286 3317 3315 
3311 3309 4344 3321 3560 
3312 3303 3307 3313 
3313 3300 3312 3343 
3314 3305 
3315 3310 3769 3340 
3316 3324 
3317 3297 3310 3407 
3318 3292 3320 
3319 3308 3309 3321 3324 
3320 3318 3328 3330 
3321 3311 3319 4147 
3322 3769 3340 3342 
3323 3305 
3324 3316 3319 
3325 3275 3327 3342 
3326 3330 3331 3332 
3327 3325 
3328 3320 3331 3333 
3329 3262 3385 3372 
3330 3320 3326 
3331 3326 3328 3335 
3332 3326 3334 3338 
3333 3328 3336 
3334 3332 
3335 3331 3337 3341 
3336 3333 3341 
3337 3335 3347 3338 
3338 3332 3337 3339 
3339 3338 3346 3345 
3340 3315 3322 3356 3418 
3341 3335 3336 3353 
3342 3322 3325 3383 
3343 3313 3344 3582 
3344 3343 3741 3350 
3345 3339 3355 
3346 3339 3352 3349 
3347 3337 3349 3365 
3348 3357 
3349 3346 3347 3352 
3350 3344 3740 4074 
3351 3353 
3352 3346 3349 4671 
3353 3341 3351 3365 
3354 3358 
3355 3345 3357 3362 
3356 3340 4563 3383 
3357 3348 3355 3359 
3358 3354 3361 3367 
3359 3357 3359 
3360 4346 3395 3368 
3361 3358 3369 3362 
3362 3355 3361 3373 
3363 4147 3563 3370 
3364 3408 
3365 3347 3353 3371 
3366 3367 
3367 3358 3366 3369 
3368 3360 3395 3372 
3369 3361 3367 4800 
3370 3363 
3371 3365 3380 4691 
3372 3329 3368 3385 
3373 3362 3381 3374 
3374 3373 3376 
3375 3377 3375 
3376 3374 3376 
3377 3375 3379 
3378 3395 
3379 3377 3380 
3380 3371 3379 3384 
3381 3373 4691 3386 
3382 3410 
3383 3342 3356 3946 
3384 3380 3398 3744 3471 
3385 3329 3372 4904 
3386 3381 4078 3671 
3387 3393 
3388 3391 3744 4078 
3389 3392 3671 3391 
3390 4894 3935 5024 
3391 3388 3389 3400 
3392 3389 3671 
3393 3387 4293 3404 
3394 3396 
3395 3360 3368 3378 
3396 3394 4134 3397 
3397 3396 4135 3398 
3398 3384 3397 3415 
3399 3405 4292 4293 
3400 3391 3402 3409 
3401 3740 4910 4911 
3402 3400 3424 3416 
3403 4902 
3404 3393 3405 4941 
3405 3399 3404 3406 
3406 3405 4291 3414 
3407 3317 3408 4902 
3408 3364 3407 3410 
3409 3400 4291 3413 
3410 3382 3408 3411 
3411 3410 4970 3947 
3412 3416 3412 
3413 3409 3427 3416 
3414 3406 3419 3417 
3415 3398 3422 3417 
3416 3402 3412 3413 
3417 3414 3415 3419 
3418 3340 3947 3948 
3419 3414 3417 4289 
3420 3423 
3421 4912 4907 
3422 3415 3437 4137 
3423 3420 3432 3425 
3424 3402 3428 3430 
3425 3423 3434 3427 
3426 3529 3782 5023 3777 
3427 3413 3425 3429 
3428 3424 4847 3438 
3429 3427 3436 3430 
3430 3424 3429 3431 
3431 3430 3431 
3432 3423 4288 4286 
3433 3433 3434 
3434 3425 3433 4284 
3435 3746 3437 3473 
3436 3429 3438 
3437 3422 3435 4285 
3438 3428 3436 4692 
3439 1292 1299 1347 
3440 908 
3441 1164 1179 1192 3443 
3442 1179 3443 
3443 3441 3442 
3444 1907 
3445 2955 2991 4381 4373 
3446 2904 
3447 3058 3788 5143 
3448 9 4416 
3449 3077 
3450 2185 2186 3451 
3451 2186 3450 4385 
3452 3525 
3453 2797 2814 2816 
3454 2797 
3455 2739 2819 3802 
3456 3805 3458 
3457 2611 2636 3458 
3458 3456 3457 
3459 1136 
3460 1312 
3461 1360 1399 4370 
3462 3208 3973 3972 
3463 3464 
3464 3463 3465 3927 
3465 3139 3464 3971 
3466 2295 
3467 2300 
3468 2312 2349 3469 
3469 3468 
3470 2352 
3471 3236 3290 3384 
3472 566 666 4013 
3473 3435 3474 4138 
3474 3473 
3475 2890 3476 3590 
3476 2877 3475 3590 
3477 2330 2368 
3478 3479 3478 
3479 2703 2788 3478 
3480 2835 2877 3481 
3481 3480 3482 
3482 2815 3481 
3483 2861 2886 2888 3484 
3484 3483 
3485 2648 
3486 2668 
3487 4569 
3488 3908 
3489 2172 3606 4932 
3490 2413 
3491 4182 
3492 1914 4896 4895 
3493 1239 4921 4920 
3494 4029 4921 4414 
3495 4028 
3496 1159 
3497 940 1046 4649 
3498 353 3501 3502 
3499 346 3500 3501 
3500 351 3499 3504 
3501 353 3498 3499 
3502 475 3498 3503 
3503 483 3502 3506 
3504 3500 3506 3507 
3505 985 
3506 3503 3504 3507 
3507 450 3504 3506 
3508 61 103 271 
3509 4516 
3510 1027 
3511 2568 2581 4008 
3512 3540 3513 4481 
3513 3512 
3514 3515 
3515 3514 3516 3965 
3516 3515 
3517 4477 
3518 1873 
3519 4714 3520 3706 
3520 3519 3706 4007 
3521 2391 2398 4006 
3522 2239 2258 5082 4714 
3523 2391 4550 3524 4427 
3524 2362 3523 4349 
3525 33 3452 3792 
3526 2066 2334 3527 3796 
3527 2066 3526 4132 
3528 1105 1110 3558 3650 
3529 3426 
3530 3536 4478 3531 3538 
3531 3530 3536 3532 3538 
3532 3531 3533 3535 
3533 3532 3534 3535 4045 4044 
3534 3533 
3535 3532 3533 3538 
3536 3530 3531 4997 3537 
3537 3536 
3538 3530 3531 3535 
3539 2062 2082 3729 
3540 27 3512 3541 
3541 3540 3544 3543 
3542 3545 3544 
3543 3541 3545 3544 
3544 3541 3542 3543 
3545 3542 3543 
3546 35 
3547 30 35 43 
3548 1367 
3549 1151 4028 3550 
3550 3549 
3551 1151 
3552 1119 1151 3553 
3553 3552 
3554 204 214 259 
3555 5011 
3556 4091 
3557 2258 2329 4802 3706 
3558 1102 1160 3528 4818 
3559 3207 5026 4472 
3560 3311 3561 4145 
3561 3239 3309 3560 
3562 1995 3871 4462 
3563 3363 
3564 2297 
3565 3566 
3566 2296 3565 
3567 2115 2169 4367 
3568 2132 
3569 2165 3570 3572 
3570 2371 3569 3571 
3571 2180 3570 3572 
3572 2141 3569 3571 
3573 4308 3574 
3574 3573 4308 
3575 4308 4307 4090 
3576 4120 3577 
3577 1235 3576 4118 
3578 1974 2020 2092 
3579 1376 4237 4417 3581 
3580 1460 3581 4407 4237 
3581 1447 3579 3580 3711 
3582 3343 
3583 2549 
3584 2547 2553 3585 
3585 3584 
3586 4199 5045 3587 
3587 2937 2978 3586 
3588 2740 3591 
3589 3590 
3590 3475 3476 3589 
3591 3588 
3592 2819 2918 5115 
3593 3146 3594 3644 
3594 3593 3596 3595 
3595 3594 3596 
3596 3594 3595 
3597 4155 
3598 3599 4155 4174 
3599 3598 4168 4167 
3600 4468 
3601 4464 
3602 3710 4396 4557 
3603 1178 1180 1255 3650 
3604 2063 3617 3885 
3605 3996 3889 3745 3755 
3606 3489 3752 3754 3745 
3607 3991 4878 3753 
3608 5157 5011 4220 
3609 708 3610 
3610 708 3609 3611 
3611 3610 3615 3612 
3612 3611 3612 
3613 3614 
3614 3613 3620 4882 
3615 3611 3620 
3616 3881 3992 3884 
3617 3604 5105 3880 
3618 2132 3891 3619 5139 
3619 3618 
3620 3614 3615 
3621 91 94 102 
3622 878 
3623 3213 3223 3227 
3624 3230 
3625 254 
3626 27 3792 
3627 2401 3628 3630 
3628 3627 4322 4249 
3629 2420 2425 3630 
3630 3627 3629 4582 
3631 2516 2548 3632 
3632 2511 3631 3633 
3633 2469 3632 4196 
3634 2800 2801 3635 
3635 3634 3635 
3636 1165 4319 4320 
3637 862 
3638 4190 3639 3642 
3639 2428 3638 3640 
3640 3639 3641 4986 
3641 3640 4710 4262 
3642 2387 2441 3638 
3643 2035 4191 4397 
3644 3067 3593 3645 
3645 3016 3067 3644 
3646 4171 
3647 3271 
3648 2108 2115 4278 4365 
3649 4191 
3650 1180 3528 3603 
3651 1774 1782 1836 
3652 1774 1836 1864 
3653 1860 
3654 1781 5071 3656 
3655 1781 1782 3656 
3656 1969 3654 3655 
3657 1107 1202 3658 
3658 1190 3657 3832 
3659 1197 1224 3660 
3660 3659 3843 3833 
3661 4568 4820 4823 4824 
3662 1199 1250 3663 4117 
3663 1199 1246 3662 
3664 3229 3280 3824 
3665 2652 
3666 2500 4356 4357 4355 
3667 2700 4358 4357 
3668 1527 3669 3683 
3669 1468 3668 3686 
3670 1568 1628 3673 
3671 3386 3389 3392 
3672 3077 3703 
3673 1508 3670 3698 
3674 3699 3697 3999 
3675 1628 3863 3861 
3676 3861 3863 3680 
3677 1568 3678 3679 
3678 1717 3677 4937 
3679 1616 3677 3681 
3680 1616 1725 3676 3681 
3681 3679 3680 3682 
3682 1717 1725 3681 
3683 3668 3690 3688 
3684 3685 
3685 3684 3688 3689 
3686 1411 3669 3687 
3687 3686 3691 3692 
3688 1411 3683 3685 
3689 1411 3685 3696 
3690 3683 4000 3697 
3691 1453 3687 3692 3693 
3692 1468 3687 3691 3693 
3693 3691 3692 3694 
3694 1508 3693 3695 
3695 1453 3694 3698 
3696 1453 3689 3697 3699 
3697 3674 3690 3696 3999 
3698 3673 3695 3699 
3699 3674 3696 3698 
3700 1395 1498 3701 
3701 3700 
3702 4493 
3703 3672 3764 3775 
3704 3199 3705 
3705 3704 
3706 2329 3519 3520 3557 4532 4349 
3707 3909 3906 3907 
3708 3224 3238 3722 
3709 4368 
3710 3602 4120 3713 3712 
3711 1236 1243 3581 3712 
3712 1232 1235 3710 3711 
3713 1068 1073 3710 
3714 1257 1331 3982 4026 
3715 3090 3127 3716 
3716 3715 
3717 3111 
3718 11 5005 4481 3719 
3719 3718 
3720 1761 1868 3721 
3721 1820 1883 3720 
3722 3215 3238 3708 
3723 3238 
3724 3217 3223 4972 
3725 1448 
3726 4827 
3727 1558 3728 5040 
3728 1662 3727 5040 4511 
3729 2002 2030 3539 
3730 1933 4197 3731 
3731 1845 2002 3730 
3732 3089 
3733 1879 
3734 2029 
3735 1159 
3736 3028 3054 3065 
3737 866 915 942 
3738 915 942 1005 
3739 3226 3239 4927 
3740 3350 3401 3742 
3741 3344 
3742 3740 
3743 1043 1168 4123 
3744 3384 3388 4078 
3745 3605 3606 4928 3995 
3746 3435 3747 
3747 3746 
3748 2639 2644 2735 
3749 2031 2101 4191 4826 
3750 2147 2152 3751 
3751 2171 3750 3900 
3752 3606 
3753 3607 
3754 3606 
3755 3605 
3756 3811 3815 3814 
3757 1450 3813 3811 
3758 3759 
3759 3758 3760 
3760 17 3759 4638 
3761 3060 
3762 1827 1987 3763 
3763 3762 
3764 3703 3765 3766 
3765 2834 3764 4268 
3766 2802 3015 3764 
3767 2301 
3768 3222 3275 4067 
3769 3275 3315 3322 
3770 3167 
3771 2107 
3772 1188 
3773 1198 
3774 2375 2412 4323 4324 
3775 3703 
3776 4218 4207 4525 4527 
3777 3426 3945 
3778 572 639 4241 
3779 1727 1788 3780 
3780 1741 1816 3779 
3781 471 
3782 3426 
3783 3784 
3784 3783 4707 4706 
3785 4064 4092 4693 
3786 5088 4264 4068 
3787 2986 3788 4480 3856 
3788 3447 3787 3857 5143 
3789 2833 5116 4658 
3790 2233 2252 
3791 2252 4105 4540 
3792 3525 3626 
3793 3309 
3794 1979 4132 4131 
3795 2039 2047 3797 
3796 2039 2355 3526 4131 
3797 2355 3795 4422 
3798 1157 
3799 2603 2613 2640 
3800 3802 
3801 3803 4658 3804 
3802 3455 3800 4658 
3803 3801 
3804 2833 3801 5115 
3805 2636 2737 3456 
3806 2509 2539 2556 4225 
3807 1470 1555 1641 
3808 1630 3813 3816 
3809 3812 3810 
3810 3809 3813 
3811 3756 3757 3816 
3812 1488 1600 3809 
3813 3757 3808 3810 
3814 3756 4514 3815 
3815 3756 3814 3817 3816 
3816 3808 3811 3815 3818 
3817 3815 4512 3818 4514 
3818 1630 3816 3817 4518 
3819 3144 4575 3821 
3820 3821 4577 4376 3822 
3821 3229 3819 3820 3823 
3822 3820 3823 3825 
3823 3821 3822 3824 3825 
3824 3229 3265 3664 3823 
3825 3265 3822 3823 3826 
3826 3274 3825 3827 
3827 3265 3276 3826 
3828 799 983 3829 3832 
3829 990 3828 5036 4553 
3830 1042 3832 5036 
3831 1042 5032 3833 
3832 3658 3828 3830 
3833 3660 3831 5033 
3834 4553 5032 5034 5035 
3835 1073 5035 5033 4554 
3836 3837 3839 3843 4669 
3837 3836 4729 3838 
3838 1968 2038 3837 
3839 3836 4998 3840 
3840 3839 4044 4424 
3841 2038 2142 3842 
3842 2142 3841 4773 
3843 3660 3836 
3844 1066 1077 1095 
3845 5095 5094 5096 5098 
3846 1227 1402 3847 
3847 1820 3846 3848 
3848 1820 3847 5070 
3849 1742 1960 1964 
3850 1960 1975 1996 
3851 2045 2095 4401 4402 
3852 2193 4181 4182 4401 
3853 2901 2941 4139 
3854 2983 3014 3855 
3855 3854 3856 3869 4391 
3856 3787 3855 3857 4139 
3857 3788 3856 3869 3859 
3858 3109 4479 3869 
3859 3109 3112 3857 4575 
3860 2113 3963 
3861 1678 3675 3676 
3862 1855 1859 2003 
3863 1616 3675 3676 
3864 2520 2582 4352 
3865 2135 3867 3866 
3866 2148 3865 3868 
3867 2237 3865 3868 
3868 2483 3866 3867 
3869 3855 3857 3858 4380 
3870 3024 3056 4379 
3871 2015 3562 4462 4709 
3872 2015 4569 4792 
3873 3217 3236 3874 
3874 3873 
3875 2156 
3876 1254 4000 3982 3980 
3877 3878 4027 3980 4937 
3878 1855 1952 3877 
3879 1778 1790 1862 1901 1925 
3880 3617 3882 3881 
3881 3616 3880 3883 
3882 3880 5106 3883 
3883 3881 3882 3885 3884 
3884 1953 3616 3883 
3885 3604 3883 3886 
3886 1953 1998 3885 
3887 2001 
3888 3889 
3889 2085 3605 3888 
3890 2058 2108 4278 3994 
3891 2070 2115 3618 4278 
3892 3895 3896 3894 
3893 2098 2203 3900 
3894 3892 4332 3897 
3895 3892 3896 3898 
3896 3892 3895 3899 
3897 2180 3894 3898 
3898 3895 3897 3899 
3899 3896 3898 3901 
3900 2147 3751 3893 
3901 2180 3899 3902 
3902 3901 
3903 3904 
3904 2207 3903 3912 
3905 2381 
3906 2234 3707 3909 
3907 3707 
3908 2282 2343 3488 
3909 3707 3906 3910 
3910 3909 
3911 3914 5100 
3912 2343 3904 5100 4140 
3913 2282 2367 2381 
3914 2234 3911 3919 
3915 2371 2396 3917 
3916 2363 2386 3917 
3917 2396 3915 3916 
3918 2396 3923 
3919 2421 2622 3914 
3920 2421 3921 
3921 2461 3920 
3922 2397 2461 
3923 2350 2587 3918 3924 
3924 2661 2720 3923 
3925 2720 2817 2985 
3926 684 863 951 
3927 3125 3464 5015 
3928 2711 
3929 2810 
3930 3003 
3931 225 258 3932 
3932 259 3931 3933 
3933 269 272 3932 
3934 258 272 298 
3935 3390 4801 5024 
3936 5022 3951 4801 5023 
3937 200 
3938 3242 
3939 3223 3231 3940 
3940 3227 3231 3939 
3941 2533 2635 4799 
3942 2362 4772 4653 
3943 2568 2759 2781 2943 
3944 281 317 346 
3945 3777 
3946 3383 5024 5025 
3947 3411 3418 3949 
3948 3418 3949 3950 
3949 3947 3948 3950 
3950 3948 3949 
3951 3936 
3952 2789 2820 3954 
3953 3954 
3954 3952 3953 4848 
3955 3957 
3956 3959 
3957 3955 3959 4328 
3958 1439 3959 3960 
3959 3956 3957 3958 
3960 3958 
3961 3962 
3962 3961 3963 4233 
3963 2095 3860 3962 
3964 2113 2131 4234 
3965 753 1064 3515 3966 
3966 751 1027 1064 3965 
3967 3048 3066 
3968 3052 3074 
3969 3063 3160 5029 
3970 3139 3971 3973 
3971 3465 3970 3973 
3972 3462 
3973 3462 3970 3971 
3974 1087 
3975 748 
3976 1542 1595 3978 
3977 1639 1646 1708 3978 
3978 1584 1595 3976 3977 
3979 1384 
3980 3876 3877 4026 3999 
3981 1479 1517 4003 
3982 1265 3714 3876 
3983 2962 2997 3984 
3984 3983 3990 3986 
3985 3020 3033 3990 
3986 3984 
3987 4199 
3988 3990 
3989 3990 
3990 3984 3985 3988 3989 
3991 2071 3607 3997 
3992 1897 1953 3616 
3993 5079 
3994 3890 5079 5140 
3995 3745 4271 3997 3996 
3996 3605 3995 4269 4929 
3997 2081 3991 3995 4275 4274 
3998 1257 
3999 3674 3697 3980 4000 
4000 3690 3876 3999 
4001 1646 1708 4027 
4002 1397 1430 4003 4026 
4003 1479 3981 4002 
4004 272 356 656 
4005 2452 4386 4008 4006 
4006 2329 3521 4005 4349 
4007 2362 3520 4349 
4008 2452 3511 4005 
4009 310 415 4010 
4010 325 442 4009 
4011 424 511 531 
4012 4220 
4013 3472 
4014 1140 
4015 1813 
4016 1234 1240 4017 
4017 1234 4016 4019 
4018 1237 1257 1269 
4019 4017 
4020 1264 1265 4035 
4021 1264 
4022 1262 1281 1285 
4023 2967 
4024 2974 
4025 2975 
4026 3714 3980 4002 4027 
4027 1952 3877 4001 4026 
4028 3495 3549 4029 
4029 3494 4028 
4030 1289 1294 1408 
4031 1638 1721 4976 
4032 1171 
4033 1509 1542 1581 
4034 1285 
4035 1240 1262 4020 
4036 242 
4037 4927 4529 4924 
4038 4076 
4039 4076 
4040 122 
4041 148 
4042 1421 1696 4047 
4043 1745 4478 4477 
4044 3533 3840 4045 
4045 3533 4044 4555 
4046 1745 4047 4409 4475 
4047 1696 4042 4046 
4048 4049 
4049 4048 4050 4051 
4050 4049 
4051 4049 4052 4885 
4052 4051 
4053 1172 
4054 2924 2955 4055 
4055 5 4054 4056 
4056 4055 
4057 2496 2501 2575 
4058 4059 
4059 2667 2702 4058 
4060 2743 2782 4061 
4061 2782 2799 4060 
4062 4064 4769 4684 
4063 4803 4066 4065 
4064 3224 3785 4062 
4065 4063 5141 4143 
4066 4063 4067 4081 
4067 3768 4066 4068 
4068 3786 4067 4070 
4069 4088 4071 4770 
4070 4068 4071 4804 
4071 4069 4070 4796 4089 
4072 3300 
4073 4075 
4074 3295 3350 4075 
4075 4073 4074 4077 4076 
4076 4038 4039 4075 
4077 4075 
4078 3386 3388 3744 
4079 2635 2636 5086 
4080 4081 
4081 4066 4080 4142 
4082 4086 5065 5088 
4083 4693 4085 4084 
4084 4083 4086 4087 
4085 4083 4265 4694 
4086 4082 4084 4142 
4087 4084 4089 5064 
4088 4069 4815 4089 
4089 4071 4087 4088 5063 
4090 3575 4091 
4091 3556 4090 
4092 3785 4693 4996 4770 
4093 4098 
4094 4100 
4095 2645 4100 5117 
4096 2645 4103 4098 
4097 4102 4100 4795 
4098 4093 4096 4101 
4099 4102 
4100 4094 4095 4097 
4101 4098 
4102 4097 4099 4104 
4103 2561 4096 4968 
4104 2611 4102 5117 
4105 2227 2229 3791 4182 
4106 4107 
4107 2266 4106 4193 
4108 4112 
4109 4113 4111 4114 
4110 2426 2485 4111 
4111 4109 4110 4116 
4112 2475 4108 4114 
4113 2476 2485 4109 
4114 4109 4112 4116 
4115 2393 2475 4116 
4116 4111 4114 4115 
4117 1200 1253 3662 
4118 3577 4119 4120 
4119 4118 
4120 3576 3710 4118 
4121 4123 
4122 4123 
4123 3743 4121 4122 
4124 1663 
4125 5051 
4126 2432 4126 
4127 4128 
4128 8 2239 4127 
4129 297 339 340 342 
4130 2008 2039 2050 4131 
4131 3794 3796 4130 4132 
4132 3527 3794 4131 
4133 4137 
4134 3396 4134 
4135 3397 4135 
4136 4137 
4137 3422 4133 4136 
4138 3473 
4139 2983 2986 3853 3856 
4140 2421 3912 4141 
4141 4140 
4142 4081 4086 4683 
4143 3216 3220 4065 
4144 3237 3239 3244 4145 
4145 3244 3560 4144 
4146 4147 
4147 3321 3363 4146 
4148 4148 4149 
4149 3211 4148 4150 
4150 4149 4160 
4151 4152 4151 
4152 3210 4151 4161 
4153 3195 4170 4164 
4154 4164 4166 4167 
4155 3597 3598 4170 
4156 4926 4508 4507 
4157 4926 4158 4925 
4158 3211 4157 4509 
4159 4174 5089 4509 
4160 3212 4150 
4161 3195 4152 4162 
4162 4161 4163 4169 
4163 4162 4176 4164 
4164 4153 4154 4163 
4165 4176 4166 4167 
4166 4154 4165 4176 
4167 3599 4154 4165 4170 
4168 3599 4175 
4169 4162 4502 4503 
4170 4153 4155 4167 
4171 3286 3646 4172 
4172 4171 4173 4959 
4173 4172 
4174 3598 4159 4508 
4175 4168 4504 
4176 4163 4165 4166 
4177 4178 
4178 450 590 4177 
4179 1476 
4180 2055 2133 2136 
4181 2193 2199 3852 4400 
4182 2227 3491 3852 4105 4183 
4183 8 2227 4182 
4184 2125 2127 2156 
4185 2235 
4186 2251 4543 4544 
4187 2300 2325 5013 
4188 2354 
4189 2298 2302 2359 
4190 2298 2356 3638 4707 
4191 3643 3649 3749 5145 
4192 2225 2240 4193 5144 
4193 2250 4107 4192 4194 
4194 2286 4193 4856 4705 
4195 2665 2682 2723 
4196 2418 3633 
4197 3730 
4198 1793 1834 1879 
4199 2978 3586 3987 
4200 4201 
4201 3215 3221 4200 
4202 453 502 4764 
4203 3031 4531 4204 
4204 3031 3064 4203 
4205 590 
4206 4534 
4207 3776 4534 4525 
4208 4568 
4209 2653 2684 2706 2782 
4210 4426 4550 4772 
4211 4212 
4212 1174 4211 4395 
4213 1187 1209 1226 
4214 1187 
4215 1187 
4216 1132 1143 4548 
4217 409 418 5047 
4218 3776 4724 4725 4545 
4219 4220 
4220 3608 4012 4219 
4221 4592 
4222 4386 4591 4223 
4223 4222 4224 4226 
4224 4223 4227 4225 
4225 2453 3806 4224 
4226 4223 4386 4227 
4227 2556 4224 4226 
4228 2195 
4229 1537 1552 1571 
4230 1971 2028 
4231 2028 4232 4233 
4232 2061 4231 4234 
4233 3962 4231 4234 
4234 3964 4232 4233 
4235 969 989 1004 
4236 938 
4237 1404 3579 3580 
4238 1900 1917 1936 1987 
4239 501 721 4718 
4240 843 
4241 3778 
4242 4243 
4243 1050 4242 4244 
4244 4243 
4245 1259 
4246 1268 1287 
4247 1965 2027 4248 
4248 2027 2059 4247 4275 
4249 3628 
4250 1242 1266 1270 
4251 1275 1359 1405 
4252 4556 
4253 706 
4254 902 4254 
4255 831 4255 
4256 831 4256 
4257 308 
4258 4809 
4259 1069 
4260 4776 4780 4773 
4261 2736 2762 2780 2792 
4262 3641 4986 4263 
4263 4262 4986 
4264 3786 4796 4900 
4265 4085 
4266 2184 2189 2237 4777 
4267 2296 2751 2865 
4268 3765 4493 4751 
4269 1952 1977 3996 4271 
4270 1995 4634 4709 4723 
4271 2003 3995 4269 4274 
4272 2018 2031 4273 4723 
4273 2020 2035 4272 4279 
4274 2027 3997 4271 4275 
4275 3997 4248 4274 4276 
4276 2059 2071 4275 4277 
4277 2058 2070 4276 4278 
4278 3648 3890 3891 4277 
4279 2092 2096 4273 4280 
4280 2116 2118 4279 4282 
4281 2122 2124 4282 4365 
4282 2128 2134 4280 4281 
4283 2341 
4284 3434 4288 4285 
4285 3437 4284 
4286 3432 
4287 4288 
4288 3432 4284 4287 
4289 3419 4289 
4290 4291 
4291 3406 3409 4290 
4292 3399 
4293 3393 3399 4294 
4294 4293 
4295 131 171 4296 
4296 4295 
4297 238 
4298 2355 4750 4474 4422 
4299 27 
4300 261 
4301 567 
4302 238 
4303 570 
4304 363 
4305 291 
4306 323 
4307 1103 3575 4411 
4308 3573 3574 3575 
4309 1128 
4310 2264 4312 4317 
4311 2213 4316 4313 
4312 2217 4310 4314 
4313 2211 4311 4315 
4314 2218 4312 4317 
4315 2262 4313 4316 
4316 2262 4311 4315 
4317 2268 4310 4314 
4318 1403 
4319 3636 
4320 3636 
4321 2547 
4322 3628 
4323 3774 4938 4521 
4324 3774 
4325 978 1002 4516 
4326 1379 1449 4330 
4327 1236 1447 4330 
4328 1255 1308 3957 
4329 1305 4329 
4330 1288 1379 4326 4327 
4331 943 
4332 3894 
4333 1711 1821 1861 
4334 2205 4335 4336 
4335 2249 4334 4337 
4336 2247 4334 4337 
4337 2275 4335 4336 
4338 2163 2194 2198 
4339 1636 4340 4594 
4340 1571 1582 1742 4339 
4341 2464 2528 4458 
4342 2151 2253 4343 
4343 4342 
4344 3311 4346 4347 
4345 4346 
4346 3360 4344 4345 
4347 4344 
4348 4668 
4349 3524 3706 4006 4007 
4350 2391 4351 
4351 2451 2491 4350 4352 
4352 2454 3864 4351 4353 
4353 2500 4352 4355 
4354 2454 2532 
4355 3666 4353 4356 
4356 2532 3666 4355 4357 
4357 2633 3666 3667 4356 4717 
4358 2644 3667 4790 
4359 1543 
4360 2222 4859 4860 
4361 4362 
4362 2335 2352 4361 
4363 2222 2224 2270 4697 
4364 2091 2108 2122 4365 
4365 3648 4281 4364 4366 
4366 2115 2121 4365 4367 
4367 2169 3567 4366 
4368 1104 3709 4418 
4369 2790 
4370 3461 4418 4371 
4371 1363 1399 4370 
4372 262 
4373 2939 3445 4381 4374 
4374 4373 4382 4380 4574 
4375 22 23 33 
4376 3820 
4377 2791 
4378 9 2939 4382 
4379 3870 
4380 3869 4374 4574 4381 
4381 3445 4373 4380 4392 
4382 4374 4378 4383 
4383 9 4382 
4384 2186 4783 4781 
4385 3451 4849 4783 
4386 4005 4222 4226 
4387 2471 2480 2506 
4388 2307 2322 2403 4697 
4389 2536 2543 2564 2628 
4390 2046 
4391 3855 4392 4393 
4392 4381 4391 4393 
4393 4391 4392 4394 
4394 4393 
4395 4212 
4396 1176 1232 3602 
4397 2035 2096 3643 
4398 1086 1122 1156 4399 
4399 1084 1110 1167 4398 
4400 2196 2199 4181 
4401 2051 3851 3852 4402 
4402 2095 2193 3851 4401 
4403 2699 
4404 2726 
4405 842 869 
4406 825 868 
4407 3580 4524 4408 5042 
4408 1551 1751 4407 
4409 1704 4046 4475 
4410 4412 
4411 4307 4411 
4412 1061 1092 4410 
4413 1092 
4414 3494 
4415 3200 3202 3216 
4416 3005 3448 
4417 1363 1399 1404 3579 
4418 1252 1272 4368 4370 
4419 107 134 142 
4420 2377 
4421 5 
4422 3797 4298 4749 
4423 1890 4424 4476 
4424 1890 3840 4423 
4425 2383 2436 4430 
4426 4210 4430 4429 
4427 2436 3523 4430 
4428 2303 2383 4429 
4429 2383 4426 4428 
4430 4425 4426 4427 4550 
4431 2135 
4432 4433 
4433 4432 4438 4435 
4434 4437 4435 
4435 4433 4434 
4436 4437 
4437 4434 4436 4438 
4438 871 4433 4437 
4439 746 4745 4441 
4440 699 705 4442 
4441 4439 
4442 4440 4745 4443 
4443 4442 4931 4964 
4444 4964 
4445 918 4445 
4446 4447 
4447 871 4446 4448 
4448 4447 
4449 863 871 4451 
4450 4451 
4451 4449 4450 4940 
4452 618 4645 4786 
4453 2811 
4454 2864 2892 
4455 3217 3280 4922 
4456 2643 4456 
4457 2825 
4458 4341 4458 
4459 1267 1276 1326 
4460 2414 2443 
4461 1985 
4462 3562 3871 4792 
4463 2114 
4464 3601 4465 4715 
4465 4464 
4466 2111 4467 
4467 4466 4468 
4468 2174 3600 4467 
4469 1995 2053 5159 
4470 1858 1869 1933 
4471 2318 
4472 3559 
4473 677 691 4961 
4474 2626 4298 4750 
4475 4046 4409 4476 4999 
4476 1745 4423 4475 4477 
4477 3517 4043 4476 4478 
4478 3530 4043 4477 
4479 4 3056 3858 
4480 3058 3063 3787 
4481 3512 3718 4482 
4482 4481 4484 4483 
4483 4482 4484 
4484 4482 4483 
4485 2560 4488 
4486 2510 2580 4487 
4487 2510 4486 
4488 2580 2608 4485 
4489 5001 
4490 2956 2957 4491 
4491 4490 4491 
4492 2714 4494 4493 4751 
4493 3702 4268 4492 
4494 2714 4492 4495 4749 
4495 4494 4751 4750 
4496 3108 
4497 3108 4498 4499 
4498 4497 
4499 3166 4497 4500 
4500 4499 
4501 1884 1890 4829 
4502 3210 4169 4925 
4503 4169 4925 4505 
4504 4175 
4505 4503 4506 4926 
4506 4505 
4507 4156 4508 4509 
4508 4156 4174 4507 
4509 4158 4159 4507 
4510 1890 1979 4828 
4511 3728 4589 5040 
4512 3817 4518 4513 
4513 4512 4514 4524 
4514 3814 3817 4513 
4515 714 4645 4740 
4516 927 3509 4325 
4517 1659 1720 4518 
4518 3818 4512 4517 
4519 268 383 4520 
4520 334 4519 
4521 2306 4323 4971 
4522 1808 
4523 2630 2681 2692 
4524 1791 4407 4513 
4525 3776 4207 4527 
4526 2125 4527 4936 
4527 3776 4525 4526 
4528 1831 1879 5031 
4529 3102 4037 4924 
4530 3124 3133 3154 
4531 6 4203 4578 
4532 2258 3706 4714 
4533 2227 2303 2422 4540 
4534 4206 4207 4724 
4535 1972 2006 4636 
4536 1353 1378 
4537 2513 2565 2570 2586 
4538 2957 4538 
4539 2765 
4540 2314 2346 3791 4533 
4541 3164 3195 3228 
4542 4543 
4543 2265 4186 4542 
4544 4186 
4545 4218 
4546 1110 
4547 1093 
4548 4216 4548 
4549 2425 
4550 3523 4210 4430 
4551 2299 4813 4825 4875 
4552 2845 
4553 3829 3834 5036 
4554 3835 5033 4556 
4555 2138 4045 5092 
4556 1176 4252 4554 4557 
4557 1073 3602 4556 
4558 225 4558 
4559 1504 1613 1654 
4560 446 533 561 
4561 561 691 4562 
4562 4561 
4563 3356 
4564 3273 4566 4565 
4565 3279 4564 4584 
4566 3283 3291 4564 
4567 411 431 5043 
4568 3661 4208 4816 4823 4897 4935 
4569 3487 3872 4715 
4570 2178 2216 4571 
4571 4570 4571 
4572 4573 
4573 1609 1635 4572 
4574 3005 4374 4380 
4575 3819 3859 4577 4576 
4576 3112 3144 4575 4957 
4577 3109 3820 4575 4578 
4578 6 3094 4531 4577 
4579 1321 
4580 1287 
4581 1592 
4582 2360 2393 3630 
4583 3273 
4584 3268 3273 4565 
4585 1798 1896 1964 
4586 1888 2002 4827 
4587 1466 1537 1552 
4588 1693 1785 1793 
4589 1792 4511 4939 
4590 2647 2653 2706 
4591 2453 4222 4592 
4592 2398 4221 4591 
4593 4862 4812 4811 
4594 1558 1699 4339 
4595 2590 2672 2736 
4596 1825 
4597 1794 
4598 542 569 597 
4599 417 451 487 
4600 610 646 4601 
4601 562 593 4600 
4602 277 304 372 
4603 333 4603 
4604 419 4604 
4605 403 
4606 419 
4607 382 
4608 352 
4609 293 296 320 
4610 292 
4611 293 
4612 882 
4613 819 
4614 4615 
4615 864 4614 4617 
4616 851 
4617 4615 4618 
4618 757 4617 
4619 668 
4620 679 
4621 681 
4622 711 
4623 696 
4624 649 
4625 589 
4626 577 
4627 544 
4628 1190 4752 4629 
4629 4628 4728 4727 4729 
4630 2881 
4631 4632 5142 
4632 4631 
4633 2712 
4634 4270 4636 4635 
4635 4634 4637 4722 
4636 4535 4634 4637 
4637 1980 4635 4636 
4638 3760 
4639 746 811 4640 
4640 4639 4641 4742 
4641 4640 4642 4645 
4642 4641 4784 4644 
4643 4744 4784 4743 
4644 4642 
4645 4452 4515 4641 
4646 551 
4647 557 
4648 534 
4649 955 972 3497 
4650 972 1046 4651 
4651 4650 
4652 2305 
4653 3942 
4654 4655 
4655 736 757 4654 
4656 4657 
4657 4656 5138 4672 
4658 3789 3801 3802 
4659 1372 1435 4661 
4660 4661 
4661 1446 4659 4660 
4662 2767 2775 2808 4663 
4663 2691 4662 4664 
4664 2692 2738 4663 4877 
4665 4666 4665 
4666 2838 2863 4665 
4667 1260 1274 1352 
4668 2884 2893 4348 
4669 3836 4752 
4670 2149 4824 4823 
4671 3352 4671 
4672 4657 4673 4674 
4673 2553 2630 4672 
4674 2545 4672 5001 
4675 2804 2863 4676 
4676 2915 4675 4677 
4677 2832 2859 4676 
4678 2477 2527 2553 
4679 2444 2460 4680 
4680 2389 4679 4681 
4681 2389 4680 4682 
4682 2350 2387 4681 
4683 4142 4684 4803 
4684 4062 4683 4803 
4685 2485 2554 4686 
4686 2530 2559 4685 4687 
4687 2578 2584 4686 
4688 2573 2584 2605 4689 
4689 2543 2564 4688 
4690 2677 
4691 3371 3381 
4692 3438 4692 
4693 3785 4083 4092 
4694 4085 
4695 3221 
4696 2309 4697 4858 
4697 4363 4388 4696 
4698 4699 
4699 4698 4700 4930 
4700 4699 4767 4702 
4701 4702 
4702 4700 4701 4703 
4703 4702 
4704 1002 4767 4740 
4705 2307 2322 4194 4706 
4706 3784 4705 4713 
4707 3784 4190 4713 
4708 4722 4709 4721 
4709 2015 3871 4270 4708 4722 4793 
4710 3641 
4711 2404 
4712 2356 2372 2378 
4713 4706 4707 4854 
4714 3519 3522 4532 
4715 2150 4464 4569 4792 
4716 2644 4717 
4717 2531 2532 4357 4716 
4718 490 721 4239 
4719 1918 1935 1958 
4720 1915 1954 
4721 4708 4724 4793 
4722 4635 4708 4709 
4723 1997 4270 4272 
4724 1954 4218 4534 4721 
4725 1904 1954 4218 
4726 4727 4730 
4727 4629 4726 4728 4730 
4728 4629 4727 
4729 3837 4629 4730 4752 
4730 4726 4727 4729 
4731 3248 
4732 2889 4732 
4733 2855 2856 4734 
4734 2856 4733 4738 
4735 2840 2848 4736 
4736 2848 2872 4735 
4737 2868 2899 
4738 4734 
4739 1172 
4740 590 4515 4704 
4741 659 4741 
4742 4640 
4743 4643 
4744 4643 
4745 4439 4442 4746 
4746 4745 
4747 564 612 659 
4748 2271 
4749 4422 4494 4750 
4750 4298 4474 4495 4749 
4751 4268 4492 4495 
4752 4628 4669 4729 
4753 475 5134 4872 
4754 5131 4763 5134 
4755 135 231 4756 
4756 4755 4757 
4757 4756 4758 
4758 4757 4759 
4759 4758 5135 
4760 5135 4761 
4761 4760 5131 4762 
4762 4761 5132 5133 
4763 4754 5132 5134 
4764 429 4202 4835 
4765 101 
4766 909 
4767 909 4700 4704 
4768 5022 
4769 4062 
4770 4069 4092 4771 
4771 4770 
4772 2303 3942 4210 
4773 3842 4260 4778 
4774 2185 2189 4776 
4775 2189 4776 4777 
4776 2185 4260 4774 4775 4780 4778 
4777 4266 4775 4778 
4778 4773 4776 4777 
4779 2186 4782 4780 
4780 4260 4776 4779 
4781 2195 4384 4782 
4782 2186 4779 4781 
4783 2186 4384 4385 
4784 4642 4643 4785 
4785 4784 
4786 4452 
4787 715 
4788 1773 
4789 4885 4798 4790 
4790 2735 4358 4789 
4791 4932 
4792 3872 4462 4715 
4793 2015 4709 4721 
4794 1148 1210 1211 
4795 4097 
4796 4071 4264 4797 
4797 4796 4805 4806 
4798 2876 2941 4789 
4799 2561 2581 2611 3941 
4800 3369 4800 
4801 3935 3936 5022 
4802 2329 3557 4861 
4803 4063 4683 4684 
4804 4070 
4805 4797 
4806 4797 
4807 4822 4814 4821 
4808 4952 
4809 190 224 4258 
4810 2100 
4811 2452 4593 4812 
4812 2368 4593 4811 
4813 4551 4874 4814 
4814 4807 4813 4874 
4815 4088 
4816 2127 4568 4823 
4817 2076 
4818 1081 3558 4819 
4819 1080 1102 4818 
4820 3661 4898 4824 
4821 2204 4807 4822 
4822 2150 4807 4821 
4823 3661 4568 4670 4816 
4824 3661 4670 4820 
4825 2301 4551 4875 
4826 2190 2225 3749 
4827 1964 3726 4586 
4828 1979 1982 4510 4829 
4829 1982 4501 4828 
4830 252 283 4831 
4831 4830 
4832 184 
4833 309 323 344 
4834 383 
4835 4764 
4836 422 445 4837 
4837 445 4836 4839 4838 
4838 445 453 4837 
4839 644 645 4837 4840 
4840 645 667 4839 
4841 718 
4842 1580 
4843 1501 
4844 1501 
4845 1625 
4846 1750 
4847 3428 4847 
4848 2794 2904 3954 
4849 4385 4850 
4850 2292 4849 
4851 180 229 4852 
4852 4851 
4853 966 
4854 4713 4855 
4855 4854 4856 
4856 2298 4194 4855 
4857 2283 2293 4860 
4858 2300 4696 4859 
4859 2319 4360 4858 
4860 2259 4360 4857 
4861 4802 4862 
4862 4593 4861 
4863 5080 
4864 2683 4867 4865 
4865 4864 
4866 4868 
4867 2773 4864 4868 
4868 4866 4867 4869 
4869 4868 
4870 443 
4871 401 
4872 335 366 4753 
4873 2062 
4874 2276 2299 4813 4814 
4875 4551 4825 4876 5061 
4876 2299 4875 5060 
4877 4664 
4878 3607 
4879 1094 
4880 1049 
4881 770 4882 
4882 3614 4881 
4883 1063 
4884 5 
4885 2735 2876 4051 4789 
4886 2700 4890 4888 
4887 4888 
4888 4886 4887 4889 
4889 4888 
4890 2719 4886 4891 
4891 4890 
4892 2652 2695 4893 
4893 4892 
4894 3390 5025 5026 
4895 3492 4899 4898 
4896 3492 4898 4897 
4897 4568 4896 4966 
4898 4820 4895 4896 
4899 4895 4950 4946 
4900 4264 5021 5019 
4901 3039 3102 4923 
4902 3403 3407 4903 
4903 4902 4905 4906 
4904 3385 4908 4909 
4905 4903 4911 4906 
4906 4903 4905 4912 
4907 3421 4912 4908 
4908 4904 4907 4909 
4909 4904 4908 4910 
4910 3401 4909 4911 
4911 3401 4905 4910 
4912 3421 4906 4907 
4913 2313 2326 
4914 4915 
4915 872 917 4914 
4916 2885 
4917 2885 
4918 1683 
4919 1561 
4920 1246 3493 4921 
4921 3493 3494 4920 
4922 4455 
4923 3099 3102 3107 4901 
4924 3123 3124 4037 4529 
4925 4157 4502 4503 
4926 4156 4157 4505 
4927 3143 3154 3739 4037 
4928 3745 
4929 1952 1953 2043 3996 
4930 4699 
4931 4443 
4932 3489 4791 4933 
4933 4932 
4934 1307 
4935 4568 4936 4966 
4936 4526 4935 4966 
4937 1717 3678 3877 
4938 4323 
4939 4589 4943 4944 
4940 4451 
4941 3404 
4942 4946 4945 4948 
4943 4939 4947 4948 
4944 4939 4948 4949 
4945 1751 4942 4948 
4946 1914 4899 4942 5042 
4947 1751 4943 4948 
4948 4942 4943 4944 4945 4947 4949 
4949 4944 4948 4950 
4950 1947 4899 4949 
4951 781 785 
4952 43 143 4808 
4953 83 
4954 66 
4955 70 
4956 80 4956 
4957 3130 3217 4576 4958 
4958 3112 3130 4957 
4959 4172 
4960 1366 1391 1490 
4961 685 699 4473 5010 
4962 4965 5008 4963 
4963 4962 5007 5008 
4964 4443 4444 5007 
4965 4962 
4966 4897 4935 4936 
4967 1834 1914 
4968 4103 
4969 2498 2502 
4970 3411 
4971 2301 2336 4521 
4972 3724 5081 
4973 1621 
4974 719 
4975 373 
4976 4031 4978 4979 
4977 1601 
4978 4976 
4979 4976 
4980 3092 
4981 3097 
4982 3095 
4983 3093 
4984 2435 
4985 2664 
4986 3640 4262 4263 
4987 2245 2265 2278 
4988 2157 
4989 2206 2219 
4990 2163 
4991 4992 
4992 2641 2650 4991 
4993 2577 
4994 2011 
4995 838 
4996 4092 
4997 3536 
4998 1884 3839 4999 
4999 1884 4475 4998 
5000 5001 
5001 4489 4674 5000 
5002 5003 5004 
5003 5002 5004 
5004 5002 5003 5005 
5005 24 3718 5004 
5006 5007 
5007 4963 4964 5006 
5008 4962 4963 5009 
5009 5008 
5010 4961 
5011 17 3555 3608 
5012 1775 1784 
5013 4187 
5014 2309 2325 2335 
5015 3058 3927 5028 
5016 5017 
5017 5016 5020 5021 
5018 5021 
5019 4900 
5020 5017 
5021 4900 5017 5018 
5022 3936 4768 4801 5023 
5023 3426 3936 5022 
5024 3390 3935 3946 5025 
5025 3946 4894 5024 5026 
5026 3559 4894 5025 
5027 2245 
5028 1 3063 5015 
5029 3969 
5030 499 538 
5031 4528 
5032 3831 3834 5035 
5033 3833 3835 4554 
5034 1068 1073 3834 5035 
5035 3834 3835 5032 5034 
5036 3829 3830 4553 
5037 51 
5038 208 
5039 210 
5040 3727 3728 4511 
5041 1791 1834 5042 
5042 4407 4946 5041 
5043 672 4567 5044 
5044 413 677 5043 
5045 3586 
5046 1484 1680 1751 
5047 371 418 4217 
5048 621 
5049 414 
5050 2384 2434 
5051 2379 4125 
5052 2457 5147 5146 
5053 2389 5053 
5054 2430 5055 
5055 2432 5054 
5056 1491 1578 5057 
5057 5056 5057 
5058 3281 3283 3287 3295 
5059 2323 5062 5060 
5060 2360 4876 5059 
5061 2336 4875 5062 
5062 2323 5059 5061 
5063 4089 5065 5066 
5064 4087 5066 5065 
5065 4082 5063 5064 
5066 5063 5064 5067 
5067 5066 
5068 5068 5069 
5069 5068 5072 5070 
5070 3848 5069 5071 
5071 3654 5070 5072 
5072 5069 5071 5077 
5073 5074 
5074 5073 5077 5075 
5075 5074 5075 
5076 5076 5077 
5077 5072 5074 5076 5078 
5078 5077 5079 
5079 3993 3994 5078 
5080 515 517 4863 
5081 3208 4972 
5082 2178 2258 3522 
5083 1217 
5084 1110 
5085 2858 
5086 4079 
5087 5088 
5088 3786 4082 5087 
5089 3194 3211 4159 
5090 5091 5090 
5091 2958 5090 5115 
5092 2090 2138 4555 
5093 1171 5098 5099 
5094 1227 3845 5095 
5095 3845 5094 5097 5099 
5096 1781 3845 5098 
5097 1095 5095 5099 
5098 3845 5093 5096 5099 
5099 5093 5095 5097 5098 
5100 3911 3912 
5101 2931 5102 
5102 2826 5101 
5103 2725 5104 
5104 2826 5103 
5105 3617 5106 
5106 3882 5105 
5107 2057 2068 2092 
5108 546 5108 
5109 138 
5110 169 
5111 734 
5112 777 
5113 997 1037 1045 
5114 934 5114 
5115 2940 3592 3804 5091 
5116 2755 2812 3789 5117 
5117 2737 4095 4104 5116 
5118 382 
5119 400 
5120 356 478 5121 
5121 376 489 5120 
5122 212 289 5123 
5123 5122 
5124 602 
5125 527 
5126 738 777 5127 
5127 5126 
5128 873 
5129 5129 5130 
5130 666 738 5129 
5131 4754 4761 5132 
5132 4762 4763 5131 
5133 4762 
5134 4753 4754 4763 
5135 4759 4760 
5136 5137 
5137 2024 2093 5136 
5138 4657 
5139 3618 
5140 3994 
5141 4065 
5142 2767 4631 
5143 3112 3447 3788 
5144 4192 5145 
5145 4191 5144 
5146 5052 
5147 5052 
5148 92 
5149 264 
5150 243 
5151 5152 
5152 226 5151 
5153 243 
5154 720 733 5155 
5155 714 720 5154 
5156 299 
5157 3608 
5158 415 
5159 4469 
