
hrg_n1000, (0.5, [(13, 0.5)]), 50000 samples
sbm, (1.0, [(0, 0.5), (432, 1.0)]), 50000 samples
hrg_n1000, (1.0, [(0, 0.5), (22479, 1.0)]), 500000 samples
sbm, (1.0, [(3, 0.5), (35, 1.0)]), 500000 samples
cora, (2.5, [(2, 0.5), (27, 1.0), (226, 1.5), (1596, 2.0), (35638, 2.5)]), 500000 samples
pubmed, (2.5, [(1, 1.0), (223, 1.5), (594, 2.0), (384841, 2.5)]), 500000 samples
airport, (1.5, [(6, 0.5), (140, 1.0), (80834, 1.5)]), 500000 samples
disease_lp, (0, []), 500000 samples

cora, (2.0, [(0, 1.0), (78, 2.0)], 0.2531), 5000 samples
pubmed, (2.0, [(3, 1.0), (124, 1.5), (661, 2.0)], 0.3484), 5000 samples
airport, (1.0, [(1, 0.5), (63, 1.0)], 0.1762), 5000 samples
disease_lp, (0, [], 0.0), 5000 samples

cora, (2.5, [(4, 0.5), (12, 1.5), (1178, 2.0), (15598, 2.5)], 0.25549), 50000 samples
pubmed, (2.5, [(1, 0.5), (9, 1.0), (74, 1.5), (958, 2.0), (15087, 2.5)], 0.3559), 50000 samples
airport, (1.0, [(1, 0.5), (173, 1.0)], 0.17894), 50000 samples
disease_lp, (0, [], 0.0), 50000 samples
hrg_n1000, (1.0, [(2, 0.5), (21437, 1.0)], 0.06374), 50000 samples
sbm, (1.0, [(1, 0.5), (289, 1.0)], 0.08312), 50000 samples
enschede_road, (20.0, [(0, 3.5), (1, 6.0), (29, 7.0), (31, 11.5), (321, 13.0), (619, 13.5), (1660, 16.0), (5476, 17.0), (5500, 20.0)], 2.58522), 50000 samples
lfr, (1.5, [(0, 1.0), (39520, 1.5)], 0.22056), 50000 samples