1000 3655

158 584
179 584
102 584
338 584
591 584
548 584
339 584
187 584
916 584
223 584
744 584
804 584
841 584
106 584
731 584
829 584
910 584
926 584
794 584
870 584
94 584
825 584
129 584
425 584
919 584
17 584
691 584
707 584
655 584
218 584
515 584
23 584
644 584
723 584
197 584
586 584
955 584
429 584
302 584
986 584
345 584
551 584
380 584
786 584
378 584
356 584
206 584
697 584
996 584
368 584
556 584
615 584
675 584
990 584
805 584
267 584
617 584
89 167
733 167
472 167
419 167
764 167
576 167
999 167
704 167
198 167
779 167
89 584
733 584
472 584
419 584
764 584
576 584
999 584
704 584
198 584
779 584
572 584
632 584
565 554
565 478
611 478
565 167
554 167
611 167
478 167
565 584
554 584
611 584
478 584
167 584
551 167
380 167
786 167
255 167
801 167
356 167
89 565
89 554
733 565
733 554
472 565
472 554
419 554
764 554
576 554
345 565
283 565
380 554
786 554
378 554
89 733
89 472
733 472
880 565
961 565
171 565
212 565
279 565
298 565
344 565
564 565
68 565
327 733
102 89
698 89
665 89
376 89
376 733
557 733
519 89
519 733
525 89
525 733
158 565
327 565
982 565
179 565
102 565
665 565
376 565
557 565
345 551
283 551
345 89
283 89
283 733
551 89
551 733
456 565
987 565
823 565
18 565
868 565
485 565
895 565
101 565
448 565
976 565
991 565
406 565
179 345
102 345
698 345
709 565
333 565
866 565
899 565
210 565
303 565
681 565
445 565
614 565
239 565
299 565
214 565
115 565
158 327
158 982
327 982
987 158
987 327
987 982
823 158
823 327
823 982
880 961
880 158
880 327
880 982
961 158
961 327
961 982
171 158
171 327
171 982
469 158
366 158
709 158
469 456
778 456
366 327
709 327
987 880
987 18
709 880
987 823
709 823
777 327
777 982
333 982
866 327
866 982
823 880
823 961
777 961
777 171
333 171
670 18
866 18
171 212
327 485
327 976
158 212
327 212
327 299
880 115
823 212
18 212
171 868
823 868
866 895
670 212
866 212
18 899
868 212
188 212
899 212
210 212
303 212
681 212
188 868
899 868
188 210
188 681
899 681
868 210
868 681
210 681
212 614
210 445
445 614
614 485
895 279
212 101
188 279
895 448
239 101
101 279
448 279
976 279
101 299
299 448
214 976
115 976
961 345
327 102
565 396
565 811
565 335
469 345
212 698
614 179
115 179
448 298
214 298
642 345
344 345
772 345
599 345
564 345
179 698
102 698
991 179
344 772
344 179
772 179
991 642
396 298
811 642
811 991
335 179
344 599
772 564
772 102
179 19
991 599
642 42
344 19
179 498
772 498
181 345
331 345
552 345
939 345
513 345
42 345
757 345
788 345
399 345
406 102
406 698
19 345
406 345
599 922
564 922
564 102
564 698
922 102
922 698
68 102
68 698
19 599
410 599
498 599
191 599
410 19
19 191
599 331
19 513
513 564
181 331
181 552
181 939
331 552
331 939
552 939
331 698
564 406
599 42
564 42
564 757
564 788
564 798
564 854
788 698
798 102
399 102
77 102
820 102
24 922
406 68
42 922
788 922
798 922
854 922
399 922
42 757
42 788
42 854
757 788
798 854
399 934
399 24
798 68
24 820
820 68
77 406
212 89
922 733
158 551
102 283
345 665
345 376
982 557
212 525
344 111
179 111
68 490
757 461
406 551
599 338
406 665
68 665
102 265
345 26
102 867
698 296
698 867
698 373
698 447
68 867
235 89
111 733
461 733
628 89
628 733
246 89
246 733
473 89
338 283
338 551
376 551
557 283
557 551
519 283
519 551
525 283
235 551
665 338
665 376
338 376
338 557
26 665
676 665
867 665
373 665
447 665
867 26
447 26
308 980
676 338
980 338
980 376
308 376
980 235
713 283
199 551
512 283
512 551
720 283
720 551
383 283
658 283
658 551
743 551
61 283
61 551
972 283
984 283
144 557
940 338
144 283
144 551
940 551
235 376
713 557
235 940
338 199
376 383
557 199
557 972
144 940
512 720
199 144
199 940
720 144
658 743
61 984
144 733
283 111
283 461
283 628
551 111
551 461
551 628
665 461
61 89
972 89
235 525
283 735
551 310
235 519
338 671
283 365
283 951
283 671
144 671
144 365
972 461
383 365
972 365
61 671
972 671
984 671
477 733
651 733
316 89
316 733
118 89
118 733
490 89
490 733
832 89
832 733
519 525
428 519
477 519
651 519
111 461
111 628
461 628
461 519
671 111
671 461
671 628
365 111
365 461
365 628
365 671
951 519
428 477
428 651
477 651
93 733
951 89
951 733
428 525
477 525
651 525
461 246
519 246
519 473
519 774
951 525
477 246
519 357
519 666
519 397
93 246
477 735
477 357
357 89
357 733
666 733
735 89
735 733
397 733
69 89
682 89
682 733
887 89
887 733
160 89
160 733
310 89
310 733
716 89
750 89
750 733
774 89
273 89
246 525
735 525
357 246
357 666
735 316
246 887
246 774
735 473
316 118
490 473
118 490
118 69
118 887
69 682
682 887
69 490
682 490
887 490
69 473
887 832
69 310
490 774
160 473
716 473
750 473
774 473
160 310
160 716
160 750
310 716
310 750
310 774
716 774
160 832
273 832
102 554
665 554
89 591
89 339
733 591
89 380
89 786
89 378
733 380
89 248
519 786
246 786
666 472
89 890
89 360
89 479
733 890
733 360
525 890
89 809
89 966
89 392
89 562
733 689
525 639
832 890
716 890
273 809
832 809
273 890
464 554
276 554
155 554
918 554
828 554
548 472
591 554
548 554
339 554
380 786
380 378
786 378
380 472
786 472
378 472
639 795
966 398
639 360
360 479
618 360
618 392
392 398
392 689
479 562
479 689
689 796
207 591
200 591
200 432
126 432
209 824
607 816
432 380
209 380
207 105
92 472
442 472
862 472
3 105
3 475
105 422
105 475
422 475
422 312
475 312
729 944
92 701
284 92
944 92
944 701
228 125
125 954
3 786
475 786
791 786
954 380
125 472
475 442
288 380
288 786
242 380
242 786
677 380
859 380
148 380
148 786
679 380
679 786
62 380
496 380
496 786
288 472
242 472
677 472
859 472
148 472
679 472
62 472
496 472
442 380
442 786
862 380
862 786
288 442
288 859
442 242
442 859
242 677
242 859
677 859
148 862
679 862
148 496
472 464
472 276
472 155
607 554
242 554
679 554
496 554
380 464
380 276
380 155
786 464
786 276
472 258
472 507
786 876
472 322
472 53
62 378
380 900
380 936
786 793
786 241
380 724
786 258
786 507
786 484
472 178
472 793
472 241
148 155
62 464
62 178
507 554
484 554
724 554
248 554
453 554
815 554
134 554
339 378
241 554
371 554
900 554
936 554
845 554
381 554
837 554
876 554
322 554
53 554
759 554
464 378
276 378
155 378
918 378
178 378
793 378
900 378
465 378
936 378
845 378
258 378
507 378
484 378
258 464
258 276
507 276
178 464
793 464
178 276
258 507
178 371
241 276
900 276
241 371
241 507
371 507
178 155
484 155
724 155
936 484
845 155
484 724
845 724
484 548
155 918
241 381
155 248
155 837
155 322
484 876
845 381
453 548
918 828
828 548
248 918
248 828
381 918
837 918
876 918
322 918
918 53
322 248
53 248
322 896
828 759
759 548
300 548
626 600
626 815
600 815
110 132
441 132
594 132
337 132
110 441
110 594
132 873
132 933
873 339
369 339
134 339
858 339
933 339
752 914
752 873
914 873
914 747
873 747
430 747
873 369
546 849
546 858
849 858
849 933
858 933
546 369
858 369
339 810
369 134
369 810
201 134
810 134
134 533
665 167
89 419
733 576
472 419
472 764
554 255
283 764
89 226
246 764
651 167
171 167
472 744
594 167
548 764
339 419
339 576
380 419
786 419
378 764
554 112
554 437
554 226
472 589
380 521
380 112
828 255
155 187
876 847
248 219
484 419
815 419
933 764
369 437
339 542
339 219
752 521
437 167
226 167
187 167
847 167
916 167
223 167
744 167
804 167
2 167
841 167
131 167
106 167
971 167
731 167
829 167
910 167
419 764
419 576
419 999
764 576
764 999
576 999
576 704
999 704
704 198
590 419
590 576
437 419
437 764
71 419
71 764
226 419
226 764
226 576
950 419
950 764
187 764
187 576
847 419
847 764
847 576
916 419
916 576
255 801
255 419
255 764
255 576
801 419
801 764
801 576
219 419
219 764
112 419
561 419
561 764
60 419
60 764
589 419
589 764
612 590
122 590
434 590
222 590
219 590
416 521
542 521
952 521
416 542
588 590
122 219
434 219
222 219
1 122
185 612
185 122
185 434
122 434
612 683
588 683
588 122
588 434
588 219
122 222
434 222
588 222
590 466
590 415
590 311
590 336
590 204
590 703
612 566
114 437
112 561
112 60
561 60
561 437
60 437
758 311
311 336
311 566
311 55
311 204
336 204
566 204
109 856
109 114
204 114
703 856
703 114
856 114
109 437
703 415
766 561
362 437
466 437
182 437
415 437
467 437
688 561
240 561
362 112
466 112
466 561
91 688
91 710
240 466
362 466
240 60
362 60
112 182
112 324
112 415
561 415
561 467
362 324
362 415
466 415
182 60
324 60
415 60
467 60
182 324
182 415
324 415
1 419
122 419
222 419
114 419
561 950
758 419
91 419
466 419
415 419
60 589
60 71
437 31
437 589
362 71
324 71
437 874
437 725
415 589
423 419
423 764
446 419
446 764
21 419
31 419
31 764
518 419
518 764
560 764
660 419
660 764
8 764
874 419
725 419
495 419
272 419
225 419
256 419
882 419
275 419
822 419
462 419
423 71
446 71
446 226
21 226
31 226
518 71
518 226
589 71
589 226
725 71
495 71
272 71
423 589
446 589
874 589
725 589
272 446
272 226
71 882
71 462
446 31
446 518
272 822
272 882
272 31
225 226
256 226
275 226
822 226
462 226
21 31
21 518
31 518
225 256
225 21
225 31
256 21
256 31
882 21
225 275
225 518
256 518
275 822
822 518
31 462
275 462
518 462
725 764
272 764
256 764
275 764
462 764
419 458
419 330
419 762
419 294
419 558
71 137
458 764
717 764
838 764
330 764
549 764
762 764
137 764
349 764
700 764
660 950
717 838
717 549
717 762
838 549
838 560
330 549
330 762
549 762
330 560
549 560
762 560
717 660
137 660
660 8
196 950
558 950
700 950
108 950
166 349
166 8
196 700
112 576
71 255
71 801
950 255
764 728
122 255
764 575
419 186
21 576
8 576
950 187
419 799
700 255
108 255
950 726
764 341
700 726
108 726
728 576
975 576
57 576
150 576
187 255
187 801
847 255
847 801
916 801
726 576
278 576
363 576
737 576
728 801
975 801
187 847
799 255
287 255
385 255
641 255
708 255
435 255
928 255
4 255
163 255
387 255
15 255
973 255
104 187
341 187
799 187
287 187
385 187
641 187
708 187
435 187
104 726
341 799
341 287
341 708
799 708
287 385
287 641
385 641
385 435
570 847
341 847
287 847
385 847
641 847
435 847
187 387
928 847
956 847
4 847
163 847
387 847
492 847
973 847
928 163
956 163
4 387
163 387
4 278
15 492
15 278
492 278
278 973
973 801
385 576
726 801
278 801
187 975
687 801
418 801
579 801
785 801
66 801
254 801
998 801
253 801
687 576
857 576
579 576
785 576
66 576
254 576
998 576
286 576
555 576
253 576
538 576
840 576
937 576
363 801
737 801
728 975
785 363
418 728
785 728
785 975
737 728
737 975
66 728
66 975
254 728
254 975
998 728
998 975
66 254
66 998
254 998
66 737
254 737
998 737
728 555
286 555
253 538
253 840
253 937
538 840
538 937
840 937
847 916
255 57
801 57
576 575
576 326
576 10
576 186
975 244
975 57
975 150
975 916
576 968
785 326
840 916
937 150
840 57
840 575
937 575
575 916
326 916
57 150
57 916
150 916
575 57
326 57
326 150
186 244
186 964
244 964
186 578
244 10
10 578
364 52
180 52
364 180
575 167
326 167
10 167
578 167
112 167
60 167
728 167
975 167
57 167
150 167
52 167
255 999
419 804
764 744
764 731
576 223
576 744
576 731
576 356
466 167
108 167
57 999
998 704
341 167
785 167
840 167
937 167
968 167
79 167
692 167
364 167
173 167
801 223
576 690
576 386
187 223
576 149
801 577
728 389
10 744
52 744
173 223
173 819
173 842
848 167
413 167
912 167
491 167
65 167
149 167
649 167
901 167
663 167
84 167
898 167
661 167
317 167
494 167
690 167
81 167
674 167
386 167
211 167
305 167
744 704
804 999
804 198
841 999
841 704
131 999
131 704
131 198
106 999
106 704
106 198
971 999
971 704
971 198
731 999
731 704
731 198
829 999
829 704
910 999
910 704
910 198
216 167
616 167
842 167
526 167
819 167
321 167
852 167
90 167
361 167
833 167
123 167
539 167
606 167
38 167
577 167
252 167
511 167
328 167
271 167
806 167
301 167
9 167
162 167
797 167
159 167
223 356
804 356
841 356
81 356
223 744
223 804
744 804
804 2
848 223
848 744
413 223
413 744
912 223
912 744
65 744
65 804
690 223
690 804
216 223
216 744
616 223
842 223
842 744
526 744
819 223
819 744
321 744
852 223
90 223
90 744
361 223
848 413
848 912
413 912
216 616
216 842
616 842
216 848
616 848
616 819
848 819
526 413
819 413
848 321
848 852
216 90
526 321
413 852
321 852
852 361
90 361
361 833
223 539
413 491
361 491
90 123
361 123
606 804
38 804
577 804
208 804
252 804
511 804
65 690
123 539
606 491
539 690
38 690
208 690
511 690
38 577
38 65
577 65
577 511
65 208
65 252
65 511
208 511
38 356
577 356
208 356
252 356
65 2
65 356
804 149
804 649
804 81
123 2
690 649
208 649
252 649
328 356
271 356
806 356
149 2
901 2
149 356
81 2
149 649
149 328
328 271
806 2
746 2
301 2
901 81
301 81
9 81
301 9
9 901
804 892
491 623
81 663
2 162
81 162
84 898
162 663
663 678
678 84
678 898
898 82
82 913
913 661
661 985
661 516
516 317
531 841
389 841
674 386
386 841
39 674
674 623
623 797
797 531
970 841
531 389
970 386
970 610
610 841
892 841
988 841
389 211
494 211
610 386
625 892
625 389
988 211
988 494
81 999
674 999
674 704
386 999
211 999
356 106
167 686
848 999
804 731
841 106
663 999
84 999
661 999
985 999
531 999
389 999
389 704
494 999
988 704
674 831
841 958
625 999
841 305
841 156
625 156
305 999
443 999
443 704
864 999
864 704
293 704
831 704
831 198
528 198
909 198
510 999
58 999
27 999
27 704
402 999
127 999
127 704
958 999
958 704
72 999
72 704
608 704
292 999
292 704
598 704
949 704
156 999
493 999
935 999
635 999
654 999
510 305
58 305
493 305
510 58
493 510
305 27
58 27
305 935
935 27
654 402
402 131
305 443
305 131
999 997
999 41
999 640
999 375
999 522
635 131
654 131
402 958
654 958
839 704
142 704
803 704
140 704
640 704
738 704
947 704
375 704
522 704
624 704
855 704
127 131
958 131
72 131
443 864
293 831
443 131
636 131
997 131
72 443
127 958
839 443
997 443
839 72
997 72
72 864
443 292
131 140
131 855
997 864
443 41
443 140
997 41
997 142
72 41
608 864
292 831
598 293
949 864
949 293
949 831
41 864
142 864
803 864
140 864
640 864
738 864
608 292
41 142
41 803
142 803
41 608
142 140
608 140
608 738
140 640
140 947
640 738
640 947
738 947
140 292
640 292
947 292
738 831
292 598
864 522
864 624
640 624
640 598
292 375
292 522
375 293
375 831
522 293
522 831
855 293
375 522
624 855
522 598
855 598
375 949
510 198
704 946
704 992
305 106
999 921
72 106
72 971
292 971
598 106
598 971
949 106
949 971
293 106
293 971
293 910
831 106
831 971
704 945
704 631
704 499
704 921
704 452
704 686
704 88
997 106
522 829
949 250
640 971
738 106
947 106
947 971
375 106
375 971
522 971
624 971
855 106
855 971
831 946
375 619
280 198
884 198
792 198
205 198
106 971
106 731
106 829
971 731
731 829
731 910
829 910
946 106
946 971
189 731
189 829
189 910
992 731
992 829
992 910
59 829
59 910
945 106
945 971
619 971
404 106
943 106
631 499
921 943
106 452
106 88
250 829
250 910
452 731
452 829
686 829
88 731
88 829
863 731
863 829
502 731
502 829
502 910
694 910
250 452
250 686
452 686
250 863
452 88
189 992
992 59
502 189
502 992
694 59
910 190
910 280
106 909
731 528
731 909
829 528
910 528
189 528
59 528
282 198
711 198
351 198
699 198
730 198
190 340
282 711
884 909
711 909
351 909
699 909
730 909
280 884
711 280
711 884
351 699
351 730
699 730
351 884
730 884
171 584
212 584
279 584
521 584
150 584
690 584
674 584
211 584
443 584
293 584
909 584
89 611
733 478
419 611
764 611
576 611
999 611
198 478
565 572
565 632
167 697
167 368
167 556
167 675
485 584
448 584
477 584
807 584
496 584
89 697
565 960
698 206
89 95
283 478
565 617
171 478
235 478
158 478
665 478
519 478
565 37
158 632
327 632
982 632
179 632
102 632
698 632
665 572
519 632
345 313
551 313
345 632
551 572
565 520
565 476
565 534
565 986
565 116
565 749
212 632
279 632
158 617
158 313
698 617
565 672
565 587
961 986
823 632
485 632
976 632
171 313
565 906
565 814
778 617
880 22
158 601
158 488
327 587
158 894
327 894
327 547
987 476
456 534
469 22
778 22
778 553
456 925
456 488
778 925
778 488
327 684
899 632
681 632
214 632
895 116
868 313
212 116
991 632
298 313
557 617
316 632
89 782
380 429
380 7
378 488
419 572
167 429
255 990
198 990
167 164
167 488
531 584
958 584
946 584
280 584
792 584
205 584
764 779
704 779
198 779
167 926
167 794
167 825
167 919
244 584
419 129
764 996
950 669
576 440
198 325
616 584
9 584
654 584
945 584
943 584
351 584
730 584
829 779
131 611
829 611
999 926
999 825
704 460
704 926
198 460
198 926
198 794
198 870
167 231
167 963
167 16
841 870
198 893
999 593
704 783
198 593
198 963
198 16
198 783
198 95
704 408
704 718
106 460
198 231
198 408
198 844
198 897
198 622
198 754
189 926
106 897
992 593
280 926
884 926
205 460
205 926
909 460
909 926
198 669
198 99
198 883
198 192
282 460
205 16
884 593
909 231
205 231
593 584
963 584
16 584
783 584
95 584
263 584
605 584
893 584
119 584
630 584
440 584
573 584
850 584
203 584
170 584
388 584
627 584
662 584
487 584
325 584
770 584
217 584
585 584
73 584
706 584
395 584
40 584
233 584
779 611
572 478
632 478
231 584
718 584
622 584
459 584
583 584
257 584
481 584
103 584
169 584
948 584
582 584
959 584
261 584
391 584
843 584
905 584
329 584
270 584
646 584
346 584
314 584
559 584
609 584
5 584
358 584
412 584
755 584
269 584
532 584
232 584
721 584
86 584
938 584
771 584
567 584
30 584
342 584
685 584
853 584
846 584
705 584
237 584
85 584
206 611
697 611
996 611
368 611
556 611
615 611
675 611
669 584
165 584
192 584
193 584
12 584
851 584
251 584
836 584
643 584
543 584
860 584
931 584
194 584
470 584
524 584
977 584
177 584
176 584
449 584
450 584
656 584
136 584
504 584
323 584
668 584
56 584
157 584
523 584
695 584
877 584
146 584
482 584
36 584
343 584
767 584
147 584
151 584
291 584
63 584
471 584
780 584
773 584
264 584
463 584
95 611
119 611
630 611
460 779
794 779
870 779
94 779
825 779
129 779
425 779
825 611
129 611
425 611
919 611
206 697
206 996
206 368
697 996
697 368
206 779
697 779
996 779
963 779
16 779
263 779
605 779
460 926
460 794
926 794
231 926
408 460
408 926
844 460
844 926
897 460
718 460
718 926
622 460
593 963
593 16
593 783
963 16
16 783
593 460
593 926
963 460
963 926
16 460
783 460
783 926
669 926
408 593
897 593
897 963
408 844
231 669
408 669
897 16
593 622
963 622
460 99
460 883
460 165
926 99
593 192
718 16
718 783
622 16
622 783
99 16
883 16
883 783
974 783
99 718
883 974
16 120
16 192
783 120
783 165
783 192
783 634
718 193
883 192
883 622
718 192
120 192
120 634
165 192
192 634
192 622
634 622
165 193
165 930
231 794
669 794
16 754
16 12
930 851
193 459
193 12
193 754
930 754
754 794
304 794
583 794
851 794
12 754
304 583
794 51
304 51
583 51
836 506
754 870
794 213
908 779
481 779
870 94
870 825
94 825
95 870
908 95
259 95
643 95
861 95
259 643
259 861
643 861
259 543
259 908
787 908
259 870
908 886
213 870
468 870
20 870
285 870
581 870
776 870
860 870
213 468
20 285
20 776
285 776
20 860
776 860
543 779
213 779
20 779
870 257
870 263
870 524
931 779
470 779
524 779
481 94
481 825
263 94
263 825
605 94
605 825
257 263
931 257
194 470
263 481
524 94
524 825
481 605
524 481
908 611
460 697
926 206
794 206
794 697
794 996
94 206
94 697
94 996
825 206
825 697
963 996
583 996
16 129
75 611
779 133
263 206
779 169
779 582
779 959
481 206
605 129
825 103
779 967
582 611
905 611
329 611
270 611
646 611
133 611
346 611
314 611
559 611
609 611
5 611
129 206
129 697
129 996
129 368
425 206
425 697
425 996
425 368
919 368
129 425
977 206
98 206
177 206
176 206
169 129
948 129
983 129
103 206
169 206
948 206
98 177
98 129
177 129
176 129
449 129
450 129
948 983
176 449
176 450
449 450
449 983
176 697
449 697
450 697
948 425
103 697
948 697
948 996
983 697
129 582
450 425
129 656
129 504
656 697
656 996
136 697
136 996
504 697
504 996
323 996
668 697
668 996
582 425
582 697
582 996
959 996
261 996
656 425
136 425
504 425
656 136
136 504
656 582
136 323
504 582
323 668
261 391
261 843
391 843
56 157
56 523
157 523
157 959
523 959
56 877
695 261
695 391
695 843
877 261
877 391
877 843
157 611
129 919
697 893
996 893
996 119
129 119
996 314
996 609
877 368
959 919
959 368
261 893
391 893
843 893
56 893
695 893
877 893
695 146
877 146
261 146
261 482
843 146
147 611
291 611
63 611
471 611
773 611
264 611
463 611
119 368
630 368
343 368
767 368
147 368
151 368
329 919
270 919
646 919
346 919
270 368
646 368
133 368
346 368
146 893
482 893
146 482
146 905
905 329
482 329
36 329
767 919
147 919
151 919
767 646
646 133
133 346
147 270
147 151
646 151
151 133
151 346
919 559
368 291
368 63
368 471
368 264
368 314
368 559
368 609
368 5
329 630
133 630
270 773
346 314
270 291
151 63
119 630
314 119
314 630
63 119
63 630
780 119
780 630
63 471
63 780
471 780
63 314
773 463
119 559
314 5
559 609
697 615
996 556
611 440
611 573
611 850
611 367
611 655
611 515
584 382
584 154
584 652
584 881
584 664
584 969
584 295
584 417
584 911
584 46
584 541
584 220
584 454
584 29
584 653
584 13
584 230
584 245
584 266
870 615
611 358
611 412
611 755
611 269
611 401
996 401
329 662
368 440
611 34
611 382
611 154
611 652
5 34
556 615
556 675
615 675
17 556
17 615
691 615
707 556
707 615
440 556
573 556
850 556
440 573
358 412
358 755
412 755
34 382
154 755
154 652
34 573
269 440
269 573
532 440
532 573
440 881
881 573
269 532
881 269
881 532
412 556
269 556
532 556
573 850
532 693
693 556
664 556
969 556
47 556
401 556
401 850
309 850
693 850
309 693
309 401
693 401
664 969
850 295
850 615
556 170
573 627
203 615
170 615
388 615
367 615
662 615
17 691
17 707
800 615
249 615
740 615
414 615
541 615
220 615
721 17
306 17
86 691
232 615
721 615
306 615
86 615
170 388
367 627
203 17
203 691
170 17
170 691
388 17
388 691
367 17
367 691
627 17
627 691
232 203
721 203
46 203
800 203
920 203
46 645
46 800
645 800
46 232
920 232
203 563
203 696
800 721
920 517
920 563
920 696
920 721
80 696
517 563
80 721
517 721
563 721
696 721
920 17
563 17
696 17
249 17
721 170
721 388
721 627
203 86
203 414
249 170
80 740
740 17
414 17
541 17
220 691
306 170
306 388
86 170
86 388
86 367
86 627
740 170
740 388
414 388
541 170
541 388
740 306
740 414
306 414
306 541
414 367
414 627
220 367
220 86
170 662
367 662
627 662
627 487
170 707
17 195
691 938
691 501
17 662
691 662
691 487
615 938
615 195
615 501
249 325
86 662
170 501
367 195
367 501
627 938
195 707
501 707
771 707
567 707
662 487
487 761
325 761
487 707
325 707
761 707
195 662
501 662
714 662
938 195
195 501
714 195
195 771
662 454
195 505
501 454
454 505
505 707
195 487
501 761
771 487
771 761
14 707
29 707
741 707
567 325
567 761
14 487
29 741
29 761
741 761
653 325
835 325
653 835
653 567
556 960
627 675
707 655
627 770
691 770
740 770
627 218
487 770
325 978
662 655
325 655
707 30
707 685
707 770
662 13
567 770
487 30
487 342
325 30
325 342
761 30
761 342
761 932
653 342
835 342
655 675
218 675
739 675
596 675
30 655
932 655
685 655
853 655
770 978
770 655
978 655
592 655
981 655
932 978
685 770
685 978
30 342
30 932
342 932
592 802
592 30
592 342
802 30
802 342
592 932
981 685
655 13
655 354
592 650
981 650
685 13
685 650
13 97
97 354
853 907
981 675
13 675
907 675
30 675
685 675
853 675
853 846
907 846
168 675
480 675
128 675
680 675
421 675
657 675
307 218
307 675
307 596
230 596
846 168
230 168
230 480
168 596
480 596
168 480
168 307
128 307
680 307
168 218
245 218
421 657
675 571
675 960
675 965
218 274
218 960
675 266
675 274
675 237
218 266
705 739
202 739
571 960
571 739
960 739
266 574
266 274
574 274
705 237
25 739
237 571
237 960
202 571
202 960
74 571
74 960
74 237
571 25
74 202
202 25
739 85
739 262
571 262
965 515
745 515
139 515
85 262
85 742
262 742
995 85
995 262
995 742
85 745
85 965
48 515
175 515
604 515
965 175
604 139
48 604
675 478
779 632
584 281
926 478
425 478
368 990
584 929
584 405
584 409
584 527
611 67
95 990
611 7
584 28
206 784
745 478
675 990
707 644
80 478
262 478
655 990
739 990
515 990
675 644
515 37
745 990
139 990
739 23
515 23
515 644
745 217
85 23
742 990
965 990
139 568
745 23
139 23
515 281
515 568
262 568
139 161
604 281
48 23
175 23
604 23
139 100
805 478
617 478
572 632
234 478
395 478
113 478
723 478
197 478
955 478
990 805
805 267
23 990
644 990
602 990
602 805
37 990
37 805
878 805
568 990
865 990
23 644
319 990
64 990
942 990
100 23
100 644
161 644
281 644
347 644
433 644
100 990
161 990
347 990
433 990
568 23
568 644
568 319
319 644
64 644
942 644
568 281
942 161
49 644
161 281
161 433
281 347
281 433
347 433
281 49
49 347
49 433
377 535
644 143
23 217
161 217
644 732
535 143
377 732
535 394
535 763
117 217
117 585
117 865
217 585
217 865
585 865
394 732
394 763
394 143
763 143
143 457
789 117
929 352
712 117
712 217
712 585
712 865
768 117
540 117
540 712
768 585
540 217
540 865
247 217
247 585
405 217
405 585
989 585
247 405
405 989
117 805
585 805
990 73
990 45
990 953
712 37
585 957
117 878
585 602
585 37
585 878
217 164
585 509
247 602
217 215
217 790
585 603
957 805
602 37
602 878
37 878
411 805
514 805
734 805
45 805
722 805
813 805
830 805
438 602
438 37
215 37
790 602
227 602
227 37
384 602
808 37
808 878
87 37
164 37
164 878
509 37
509 878
215 805
790 805
227 805
384 805
808 805
87 805
164 805
509 805
957 602
957 37
603 602
438 957
790 957
603 957
603 438
438 215
438 790
438 411
215 790
215 384
215 808
790 808
227 384
227 808
384 808
411 215
411 790
411 384
411 808
438 164
790 509
227 164
227 734
227 514
514 37
734 37
45 37
45 878
722 37
722 878
813 37
813 878
830 878
514 87
734 164
87 813
734 509
164 45
164 483
45 483
45 722
483 722
45 509
483 509
722 509
509 813
813 830
878 962
805 827
215 827
37 353
37 924
813 0
830 290
885 723
879 723
827 723
73 706
73 723
706 723
290 370
290 648
370 648
290 962
370 962
648 962
370 0
648 0
0 924
431 924
648 723
431 817
817 723
124 723
130 723
353 723
879 706
827 73
827 706
817 953
238 597
238 885
597 885
953 706
124 73
130 73
130 706
353 73
353 706
124 130
124 353
130 353
124 827
130 827
353 827
37 267
878 267
723 267
805 197
217 267
73 267
706 267
37 197
723 197
723 586
384 586
924 955
353 267
827 197
827 586
879 267
827 267
73 197
73 586
706 197
723 332
723 595
73 595
130 197
73 332
723 372
455 478
70 478
633 478
400 478
78 478
67 478
350 478
197 267
586 267
955 267
234 267
395 267
197 586
372 267
891 267
427 267
332 197
332 586
595 586
529 586
332 267
595 267
529 267
234 586
372 197
427 586
427 234
595 234
529 234
620 234
620 595
595 529
673 529
409 613
455 955
145 955
395 955
455 395
637 297
736 395
955 50
955 544
395 50
395 544
455 50
455 544
50 544
50 145
145 70
70 334
812 70
812 334
544 478
197 400
267 527
70 113
334 633
224 478
545 478
923 478
96 478
107 478
420 478
135 478
43 478
769 478
318 527
400 113
320 113
320 400
224 78
78 923
923 420
96 107
224 350
135 67
67 350
43 769
260 769
43 350
260 350
769 350
878 572
197 572
267 313
478 40
478 233
478 753
478 530
478 621
478 348
478 520
478 429
478 821
478 302
478 116
957 429
805 749
712 632
267 429
478 702
478 444
478 749
478 172
478 647
478 83
478 289
478 451
478 28
478 54
478 941
320 40
633 33
67 821
350 429
350 821
43 429
260 821
769 821
350 40
350 702
497 572
986 572
986 632
116 632
617 313
617 632
313 632
621 572
7 572
702 429
702 821
749 429
40 429
40 821
233 429
753 429
28 429
54 821
702 40
28 54
429 775
54 233
444 233
749 233
749 753
775 941
775 444
941 444
775 753
941 753
444 749
775 749
941 749
174 927
429 172
429 474
444 33
927 530
749 172
753 915
749 474
174 915
927 172
530 33
172 530
172 33
647 530
647 33
6 530
6 33
904 530
915 530
904 172
474 915
474 647
915 647
904 33
474 33
915 33
647 6
530 580
580 33
152 33
580 152
530 374
647 83
152 83
751 818
374 83
289 760
315 289
315 760
83 572
760 572
927 572
359 572
315 572
33 500
902 572
500 572
451 572
781 572
765 572
993 572
889 572
141 572
500 497
451 497
781 497
621 7
7 497
902 621
503 621
121 7
765 7
765 500
621 451
7 451
500 451
993 497
451 781
993 451
993 781
451 889
141 221
572 44
572 550
572 994
572 35
7 719
497 550
994 719
782 719
429 617
572 355
550 632
719 617
348 632
355 632
520 632
476 632
894 632
547 632
22 632
534 632
553 632
302 313
986 313
116 617
116 313
302 986
268 302
302 348
302 871
569 348
784 348
871 348
569 784
569 871
784 871
184 486
184 986
486 424
424 986
76 986
403 986
403 355
76 403
302 520
76 632
439 632
672 632
748 632
925 632
520 617
476 617
476 313
894 617
894 313
547 617
547 313
22 617
22 313
534 617
534 313
393 617
869 617
439 617
826 520
183 520
888 520
183 229
888 229
888 903
229 903
638 917
536 393
536 508
536 313
826 632
638 632
903 632
393 632
439 313
617 11
617 672
617 748
439 11
872 313
426 313
11 632
872 632
426 632
436 632
906 632
379 632
814 632
672 116
601 116
748 116
925 116
672 313
601 313
748 313
925 313
476 894
476 22
476 553
894 22
547 22
547 534
22 534
22 553
534 553
476 116
547 116
534 116
553 116
672 476
672 894
11 476
11 894
11 672
476 872
894 872
672 22
894 814
872 547
426 116
436 116
684 116
906 116
379 116
814 116
601 547
601 22
601 534
748 547
748 22
748 534
748 553
587 22
587 534
587 553
925 547
925 22
925 534
925 553
488 22
488 553
426 547
436 547
684 547
906 547
601 748
426 436
426 684
436 684
426 906
684 906
436 601
436 748
684 748
906 601
906 748
426 534
436 534
436 553
906 534
601 488
748 925
906 925
379 22
379 534
814 22
814 534
814 553
587 925
925 488
379 587
379 925
814 925
