1000 3499

345 584
380 584
786 584
378 584
801 584
356 584
206 584
697 584
996 584
368 584
556 584
615 584
675 584
805 584
313 584
733 584
472 584
419 584
764 584
999 584
704 584
198 584
779 584
572 584
632 584
611 167
478 167
565 584
611 584
478 584
167 584
89 167
733 167
472 167
419 167
764 167
576 167
999 167
704 167
198 167
565 554
733 554
472 554
158 565
327 565
102 565
698 565
338 565
283 733
551 733
89 733
880 565
961 565
171 565
212 565
279 565
298 565
642 565
344 565
772 565
599 565
564 565
922 565
68 565
456 565
823 565
485 565
895 565
101 565
448 565
976 565
880 158
880 327
880 982
961 327
961 982
171 327
171 982
158 327
158 982
327 982
456 158
987 158
778 456
469 456
778 469
469 709
709 158
456 327
987 327
987 982
158 823
987 866
709 880
366 327
709 327
987 823
987 880
709 823
823 327
880 961
961 171
777 982
823 880
823 777
777 171
823 171
961 670
327 866
333 171
866 171
670 171
18 171
670 18
709 565
866 565
982 212
158 614
327 976
171 976
670 299
327 868
327 895
961 899
982 188
188 565
681 565
303 565
614 565
239 565
299 565
214 565
188 212
899 212
210 212
681 212
868 212
188 868
899 868
188 899
868 681
899 681
210 681
681 303
212 614
212 895
485 895
445 614
614 485
239 485
303 279
868 279
212 299
212 976
485 101
895 101
895 279
445 101
239 101
299 279
101 279
101 448
279 214
115 976
158 345
327 345
565 991
565 19
158 298
987 102
866 102
868 345
448 345
565 854
565 934
239 564
101 68
565 396
565 811
303 642
188 179
976 344
279 991
976 396
102 345
698 345
344 179
772 179
396 298
811 642
991 642
811 991
642 335
344 772
335 344
335 179
991 345
344 345
772 345
179 599
772 331
179 331
344 498
179 498
179 410
406 345
564 102
922 102
68 102
68 698
599 345
564 345
922 345
102 698
181 345
331 345
552 345
939 345
513 345
410 599
19 599
498 19
19 191
19 564
19 939
191 331
181 564
513 564
181 552
181 939
331 939
564 922
345 757
345 788
345 854
345 798
345 934
345 77
513 922
564 42
564 757
564 788
564 854
564 798
406 102
788 922
798 922
42 757
42 788
42 854
757 788
788 854
788 24
798 24
399 24
934 24
399 934
757 102
798 698
399 102
934 102
399 820
820 102
77 102
820 406
77 406
179 89
698 733
345 283
345 551
565 628
327 283
982 283
961 867
565 397
565 887
327 477
976 628
772 89
922 89
410 89
991 89
179 461
698 519
564 246
179 551
102 551
345 557
179 665
335 338
19 551
68 338
68 376
68 551
854 283
757 551
406 338
698 940
498 338
42 376
564 665
698 665
345 676
345 407
564 867
698 265
922 26
68 373
68 26
68 867
698 867
338 733
557 89
519 89
519 733
525 89
525 733
338 551
376 551
557 551
26 665
447 26
665 676
447 308
265 551
447 376
447 557
665 940
676 338
980 338
980 713
308 235
144 551
940 551
235 338
235 376
235 557
235 551
338 376
338 557
376 557
713 557
713 551
376 940
557 144
557 940
557 199
199 551
512 551
720 283
720 551
743 283
743 551
61 283
61 551
972 283
972 551
984 551
144 940
199 144
199 940
512 940
720 144
199 383
743 383
61 972
61 984
972 984
283 519
665 246
867 525
383 733
144 733
338 246
551 316
551 473
940 525
383 246
338 750
283 671
551 671
551 477
283 111
283 461
283 628
551 461
551 628
235 671
283 93
283 951
283 365
512 461
940 111
940 628
743 461
972 111
984 461
972 671
61 365
972 365
461 733
246 89
246 733
473 89
473 733
111 461
111 628
365 111
365 461
671 111
671 461
671 628
365 671
461 477
461 651
428 519
477 519
651 519
93 89
951 733
428 733
477 733
519 525
651 118
477 473
651 473
519 310
428 525
93 525
519 735
951 316
477 246
519 357
477 357
357 733
666 733
735 89
735 733
397 89
397 733
69 733
682 89
887 89
887 733
716 89
774 89
774 733
160 89
310 89
750 89
750 733
273 89
316 89
316 733
118 733
490 89
832 89
246 525
473 525
316 525
357 246
357 525
357 666
525 735
397 316
246 473
525 118
246 490
525 774
316 473
316 887
118 887
69 490
682 490
887 490
69 682
682 473
887 473
118 832
490 473
118 160
490 160
69 774
716 473
774 473
310 473
716 774
716 160
716 310
774 160
160 750
525 554
283 472
733 380
89 472
345 380
642 472
179 786
757 786
335 591
485 554
327 918
19 381
246 554
283 378
89 464
733 464
89 276
750 554
111 548
733 876
89 258
628 276
551 689
61 200
397 472
682 472
628 380
89 954
89 701
246 92
89 126
246 126
89 809
89 392
89 796
89 890
89 360
887 689
473 890
273 890
548 554
339 554
380 472
786 472
380 554
786 554
378 554
591 472
380 786
809 795
795 360
966 360
360 479
392 398
360 689
479 562
479 689
479 796
809 209
479 591
618 591
689 432
200 591
207 591
207 200
591 126
207 629
200 607
209 824
824 629
392 472
479 288
475 312
3 105
3 475
105 475
105 729
92 701
284 92
284 944
944 92
92 791
729 380
701 786
312 472
944 380
791 380
125 380
791 677
243 472
677 472
679 472
148 472
496 472
62 472
442 380
442 786
862 380
862 786
442 472
862 472
243 442
288 442
442 242
442 677
288 242
288 677
242 380
677 380
677 786
679 380
679 786
148 380
148 786
496 380
496 786
62 380
62 786
242 859
148 862
679 148
380 378
472 548
607 554
591 936
380 914
786 747
92 554
442 554
472 464
472 276
284 378
786 896
679 554
496 554
62 554
380 258
786 507
786 484
380 464
380 276
786 464
786 276
472 241
472 900
472 258
62 378
859 724
380 793
380 178
380 371
786 178
786 900
677 464
62 276
62 464
464 554
276 554
155 554
918 554
828 554
484 554
724 554
248 554
453 554
548 378
793 554
241 554
900 554
845 554
507 378
484 378
464 378
155 378
178 464
258 464
178 258
258 276
464 507
178 507
241 276
371 276
900 276
507 276
371 507
371 378
900 378
464 724
371 724
241 465
900 936
936 378
465 378
465 155
845 155
484 724
484 155
724 155
845 724
464 548
378 918
554 381
554 837
554 876
554 322
554 896
484 548
724 548
155 918
155 381
155 837
155 322
828 548
837 918
876 918
322 918
381 837
837 322
876 322
381 248
248 828
248 548
828 453
453 548
548 300
300 896
554 815
554 533
554 489
900 858
918 339
896 715
489 815
626 815
600 815
815 132
815 337
600 594
110 132
441 132
337 132
594 110
110 441
110 337
815 873
600 933
337 933
369 339
752 873
914 873
752 914
873 747
914 747
430 849
849 858
849 933
858 369
546 369
873 533
339 810
201 134
810 134
201 810
134 533
810 533
378 167
565 419
565 999
565 704
554 419
554 764
554 576
283 419
89 847
733 847
565 60
283 590
333 576
212 187
179 57
89 363
698 937
887 737
982 167
665 167
733 999
144 167
733 744
396 167
199 167
338 81
733 38
283 970
972 804
448 949
786 999
554 223
554 131
554 356
125 167
554 531
554 402
322 704
600 356
369 829
849 81
548 321
339 839
380 419
472 255
472 419
554 187
554 801
786 71
809 419
380 219
472 542
380 762
288 437
629 683
591 576
380 187
554 150
155 255
828 255
554 244
381 255
548 737
548 764
554 219
378 590
554 185
378 112
554 952
548 185
453 219
155 1
155 222
155 764
554 31
554 660
378 423
626 764
339 8
933 495
546 219
858 590
369 219
201 521
255 167
356 167
255 576
801 419
801 764
801 576
419 764
590 419
437 419
71 419
71 764
226 419
226 764
950 419
219 590
952 521
416 521
416 612
521 1
521 185
521 122
834 1
834 185
122 590
434 590
1 185
1 612
1 122
185 612
185 434
122 434
1 683
612 683
588 122
588 434
588 219
683 590
588 590
185 222
122 222
434 222
588 222
222 219
542 55
590 91
590 240
122 758
588 703
219 766
219 114
590 766
112 437
311 566
336 566
311 336
566 114
758 766
566 55
311 766
311 55
311 204
109 766
55 114
109 114
55 703
109 856
766 703
703 114
856 114
703 856
566 688
109 437
114 60
109 561
114 112
766 240
112 561
112 60
710 561
240 561
466 561
362 112
362 561
688 710
91 710
240 466
688 60
91 437
240 437
112 182
112 415
112 467
561 182
362 182
182 60
324 60
415 60
182 437
182 324
182 415
324 415
182 467
521 419
219 419
112 764
561 419
561 764
60 419
612 419
590 71
612 882
240 764
466 764
437 137
766 700
240 419
324 419
60 71
437 589
437 226
856 518
60 21
182 589
437 874
589 764
272 419
882 419
225 419
256 419
275 419
822 419
462 419
423 419
446 419
21 419
31 419
518 419
589 226
71 226
423 71
446 71
725 589
589 495
725 423
495 71
423 446
495 446
272 446
423 226
71 31
874 226
589 21
589 31
725 275
272 226
423 31
446 31
71 882
71 256
71 822
423 822
272 31
446 882
272 882
21 226
31 226
518 226
225 226
256 226
21 31
21 518
31 518
882 31
225 21
225 31
256 21
256 31
882 225
225 256
225 518
256 518
31 822
275 822
226 462
518 462
725 764
882 764
225 764
822 764
423 764
21 764
31 764
518 764
419 762
419 137
419 560
419 660
71 560
71 108
256 8
31 458
462 762
458 764
717 764
838 764
330 764
549 764
762 764
294 764
166 764
700 764
660 764
8 764
838 560
717 549
838 549
330 560
549 560
762 560
549 762
294 660
660 950
137 950
660 8
137 8
8 950
166 8
166 349
166 950
166 700
196 950
558 950
196 700
71 576
226 576
419 187
419 847
764 847
437 801
542 576
561 801
521 254
109 708
764 57
330 916
226 255
950 255
419 975
31 187
275 187
226 387
874 576
21 576
589 254
764 253
764 570
764 726
294 847
950 278
166 847
108 847
950 387
108 187
196 287
558 435
950 104
950 570
108 726
108 104
847 576
916 576
728 576
975 576
187 255
187 801
847 255
726 255
187 847
104 255
341 255
287 255
708 255
385 255
641 255
435 255
104 799
341 799
570 187
341 187
341 708
287 187
708 187
385 187
641 187
435 187
187 278
255 928
255 4
255 163
255 387
255 492
341 847
799 163
708 847
385 847
187 387
928 847
956 847
163 847
956 163
4 387
163 278
387 492
15 278
15 492
278 973
492 973
570 576
15 576
278 801
187 728
641 801
255 687
255 579
187 66
387 801
973 801
956 687
579 576
785 576
66 576
254 576
286 576
555 576
253 576
538 576
840 576
937 576
363 801
737 801
363 576
737 576
728 801
975 801
857 801
579 801
785 801
857 687
687 785
579 785
785 363
801 66
801 253
363 937
785 728
785 975
363 728
728 975
66 728
66 975
254 728
254 975
998 728
998 975
737 975
66 998
254 998
975 937
286 555
555 253
253 538
253 840
538 840
538 937
840 937
801 916
576 57
576 150
576 52
847 150
956 575
576 244
576 578
975 52
801 326
801 150
576 575
576 326
998 916
728 326
538 150
253 916
840 916
937 575
57 916
575 916
57 326
326 150
326 79
57 578
79 10
186 244
186 964
244 964
244 10
244 578
10 578
578 692
10 52
364 52
112 167
60 167
589 167
728 167
150 167
52 167
437 167
847 167
801 198
764 704
560 167
8 167
588 167
55 167
240 167
495 167
294 167
437 223
419 539
766 356
222 690
561 663
590 842
660 852
660 606
660 82
764 839
764 27
576 106
576 731
150 198
728 131
801 189
576 58
576 292
253 971
186 971
180 250
363 167
326 167
10 167
576 223
576 744
576 841
104 167
387 167
847 744
801 848
801 271
937 744
928 2
801 913
186 167
692 167
180 167
173 167
57 744
57 819
916 901
52 744
578 65
52 123
52 819
173 852
173 223
173 413
173 848
173 216
173 616
690 167
81 167
305 167
223 167
744 167
804 167
2 167
841 167
106 167
971 167
731 167
999 704
999 198
704 198
848 167
413 167
912 167
491 167
65 167
149 167
649 167
901 167
84 167
898 167
39 167
216 167
616 167
842 167
819 167
526 167
852 167
833 167
90 167
361 167
123 167
539 167
606 167
38 167
577 167
208 167
328 167
32 167
806 167
744 356
804 356
2 356
690 744
690 804
223 744
848 223
848 744
413 744
912 223
912 744
216 223
216 744
616 223
616 744
842 223
819 744
526 744
848 912
413 912
616 848
216 616
216 842
616 842
848 819
819 912
526 413
223 321
223 852
744 361
413 321
413 852
833 361
90 361
744 491
744 65
819 539
848 690
744 208
321 690
852 539
491 804
539 804
491 690
38 690
577 690
511 690
38 804
577 804
208 804
511 804
252 804
65 690
38 65
38 577
65 511
413 356
690 356
744 649
252 2
491 901
690 901
65 806
606 356
208 356
804 149
804 649
491 149
690 328
690 649
208 649
252 149
649 356
81 2
81 356
328 356
149 649
328 271
901 2
2 9
32 301
301 81
901 81
301 901
301 9
167 162
167 82
167 892
690 985
223 841
223 988
356 84
2 898
901 663
9 663
663 898
84 898
162 663
678 84
678 898
82 913
985 516
516 317
661 841
661 386
661 970
317 674
674 841
386 841
211 841
39 674
674 623
623 797
531 841
674 988
674 494
531 494
970 494
623 386
797 386
970 386
970 841
531 610
970 610
610 386
610 841
610 159
159 892
841 988
625 389
988 211
389 211
494 211
223 999
744 999
744 704
744 198
2 198
841 999
841 704
167 72
167 608
167 292
167 280
690 704
167 156
167 142
216 999
252 999
744 864
901 41
149 803
32 493
356 971
167 88
2 59
317 250
386 999
386 704
678 704
389 704
988 443
797 999
494 999
674 156
389 305
494 305
131 999
106 704
106 198
971 999
731 704
731 198
829 999
829 704
829 198
910 704
910 198
305 999
305 704
443 999
864 704
293 704
831 999
831 704
156 999
935 999
635 999
654 999
510 999
58 999
27 999
402 999
156 493
493 305
510 305
493 510
493 58
305 654
58 27
935 27
654 402
999 636
999 839
999 803
999 947
999 375
58 131
402 292
27 443
402 997
997 704
140 704
640 704
738 704
624 704
855 704
375 704
522 704
958 704
608 704
292 704
598 704
949 704
443 131
127 131
72 131
636 131
127 958
958 443
839 443
72 443
997 72
958 864
131 142
131 947
127 803
443 522
72 522
997 624
839 864
997 864
443 608
443 292
72 41
41 864
142 864
803 864
608 864
41 142
142 803
142 292
608 640
608 738
608 947
142 947
140 292
640 292
947 292
140 640
140 947
640 738
738 947
142 293
608 598
292 949
864 855
864 949
140 598
292 624
947 624
855 293
375 293
522 293
522 831
598 293
949 293
949 831
624 598
624 855
624 522
855 522
375 522
443 198
293 198
999 909
999 189
654 106
292 198
704 792
131 699
443 106
864 106
293 106
293 971
831 106
131 971
131 829
704 945
704 619
704 686
704 88
704 189
704 59
131 686
41 731
608 106
608 971
949 106
949 971
803 106
949 921
375 106
528 198
106 971
106 731
106 829
106 910
971 731
731 829
829 910
946 106
945 106
619 106
106 404
619 404
499 921
106 88
619 910
404 829
943 686
189 731
189 829
189 910
992 731
992 829
992 910
59 829
59 910
250 452
452 686
250 863
686 863
250 731
452 829
686 829
863 731
863 829
686 992
88 502
502 731
502 910
694 910
189 992
502 189
992 694
694 59
694 198
106 528
731 528
731 792
829 190
910 340
992 190
992 340
502 190
502 528
694 528
189 528
59 528
711 198
699 198
351 198
730 198
190 198
280 198
884 198
792 198
205 198
528 190
528 340
190 340
351 909
730 909
884 909
280 351
699 884
351 884
730 884
351 730
158 584
327 584
982 584
102 584
376 584
557 584
590 584
187 584
847 584
804 584
841 584
910 584
565 611
554 478
167 779
167 572
772 584
235 584
628 584
464 584
828 584
823 584
976 584
144 584
360 584
248 584
873 584
380 779
733 675
733 779
565 996
554 556
786 206
171 779
442 996
982 825
158 218
345 905
565 194
626 697
873 926
484 515
896 218
298 358
158 471
430 408
178 844
118 650
944 48
565 572
565 632
554 632
565 585
868 478
565 789
991 990
557 113
651 723
880 706
823 78
551 632
89 632
733 632
565 617
158 572
327 572
982 572
772 497
102 233
179 429
565 927
327 775
895 35
158 632
327 632
982 632
102 632
698 632
565 534
565 553
982 617
565 672
565 925
987 617
709 632
987 632
18 632
158 476
327 534
158 116
469 672
456 116
456 601
456 547
778 553
456 488
456 553
709 925
709 116
987 601
158 684
880 547
961 22
982 601
866 547
880 814
961 925
18 476
101 632
565 436
565 814
279 476
485 587
868 553
212 814
212 617
345 534
628 632
473 302
376 534
283 601
283 534
378 632
472 986
554 233
380 429
554 672
858 572
360 986
554 990
276 723
548 955
786 107
398 431
576 478
999 478
167 617
255 632
419 572
999 572
167 217
167 113
167 40
167 476
804 632
255 617
999 878
764 586
419 476
156 478
114 632
187 217
590 644
999 789
999 332
764 334
952 617
150 348
521 584
219 584
728 584
764 611
576 611
704 611
167 996
167 368
167 615
108 584
570 584
253 584
122 584
801 611
576 697
847 779
576 825
434 611
255 460
419 893
975 605
975 459
728 346
764 556
576 325
278 218
167 170
167 487
167 195
198 850
167 454
898 675
198 417
744 401
997 218
131 421
280 650
208 584
499 584
943 584
694 584
901 584
913 584
531 584
884 584
744 611
106 611
704 697
198 996
704 779
198 779
167 794
167 825
167 425
167 120
841 870
389 460
211 99
356 206
167 5
494 611
167 668
829 948
106 779
999 794
704 926
704 460
704 870
704 94
198 926
198 460
198 794
999 593
704 593
704 930
140 16
522 926
131 193
522 754
305 870
704 259
999 468
704 860
198 860
280 825
909 194
829 213
198 963
829 593
910 963
106 460
731 926
731 460
910 622
619 783
863 460
731 669
992 883
88 193
909 794
198 754
198 459
909 926
909 460
198 669
198 634
198 231
198 408
198 897
198 718
792 460
205 460
730 926
351 460
205 231
926 584
460 584
794 584
870 584
94 584
825 584
129 584
425 584
919 584
17 584
691 584
707 584
655 584
218 584
23 584
878 584
197 584
586 584
116 584
963 584
783 584
95 584
263 584
605 584
893 584
630 584
440 584
573 584
850 584
203 584
388 584
627 584
325 584
770 584
978 584
596 584
571 584
960 584
193 584
12 584
836 584
861 584
468 584
285 584
470 584
524 584
967 584
98 584
176 584
450 584
656 584
136 584
504 584
323 584
668 584
56 584
157 584
523 584
695 584
877 584
146 584
482 584
36 584
343 584
767 584
147 584
151 584
291 584
63 584
471 584
780 584
773 584
463 584
264 584
718 584
754 584
506 584
257 584
103 584
169 584
948 584
983 584
582 584
959 584
261 584
391 584
843 584
905 584
329 584
270 584
646 584
133 584
346 584
314 584
559 584
609 584
5 584
926 611
825 611
206 779
697 779
368 779
697 611
996 611
368 611
460 779
94 779
825 779
593 926
593 460
963 460
16 926
16 460
231 926
408 926
844 926
897 460
593 963
669 926
408 669
669 963
669 460
231 963
408 593
897 593
897 963
593 16
963 16
460 718
669 16
844 16
897 16
897 783
593 974
593 718
897 974
16 783
99 16
883 783
974 16
974 783
718 16
883 718
883 974
783 192
783 165
783 622
883 622
120 622
634 622
120 192
120 634
192 634
192 165
16 794
460 794
783 754
192 794
165 794
193 754
193 12
754 794
459 794
304 794
583 794
12 754
851 794
304 583
836 506
251 506
836 251
16 779
593 870
926 886
718 779
926 605
460 825
754 779
754 259
304 886
506 20
263 779
605 779
95 870
75 95
259 95
643 95
643 861
861 543
543 908
787 908
908 870
861 870
95 285
95 213
213 468
886 870
213 870
20 870
285 870
581 870
776 870
860 870
20 285
20 776
285 581
285 776
20 860
285 860
776 860
20 779
285 779
581 779
95 825
870 605
870 825
643 257
870 257
870 470
931 779
524 779
481 779
263 94
263 825
605 94
605 825
94 825
194 470
481 94
481 825
524 825
524 481
16 611
779 129
779 425
926 206
460 206
794 206
783 697
779 119
779 630
75 611
468 611
931 611
263 630
263 482
543 905
870 697
94 206
825 206
825 996
468 129
257 697
779 136
605 206
779 977
779 177
779 103
779 169
779 983
524 206
481 103
119 611
630 611
206 697
206 996
697 996
996 368
129 206
129 697
129 996
425 206
425 697
425 996
103 206
169 206
983 206
967 206
98 206
177 206
98 177
206 449
169 129
948 129
983 129
176 129
450 129
176 983
450 983
176 449
176 450
449 450
948 697
983 697
983 996
206 323
176 697
449 996
450 697
129 582
582 697
582 996
843 996
656 697
656 996
136 996
504 697
323 697
323 996
582 425
656 425
136 425
504 425
136 582
425 843
697 668
996 668
959 261
261 391
261 843
391 843
157 959
523 959
56 157
157 523
157 843
523 261
157 877
695 261
695 843
877 843
103 611
261 611
129 368
56 611
996 463
996 905
843 646
391 151
261 329
157 893
695 893
877 893
261 893
391 893
843 893
56 146
157 146
877 905
329 611
559 611
609 611
5 611
919 368
329 368
270 368
646 368
133 368
893 368
146 893
482 893
146 482
905 329
36 329
343 919
329 270
767 368
151 368
270 919
646 919
133 919
346 919
767 147
147 919
270 646
646 346
133 346
147 270
147 646
147 133
147 346
151 133
151 346
146 611
151 611
919 630
36 630
329 773
919 314
368 291
368 471
368 780
368 264
133 630
919 291
919 471
463 611
119 630
291 119
291 630
63 630
471 119
471 630
780 119
314 630
291 314
291 63
63 471
63 780
471 780
119 463
630 773
780 773
264 559
559 609
559 5
611 691
611 615
584 969
584 295
584 911
584 563
584 696
584 541
584 421
584 74
584 138
584 358
584 412
584 755
584 269
584 532
584 401
584 721
584 306
584 195
584 501
584 30
584 685
584 97
584 846
584 85
584 742
779 691
779 573
779 850
779 881
779 696
779 358
95 440
825 269
974 573
836 309
611 770
611 262
919 960
697 960
5 218
146 978
270 342
611 440
611 573
611 850
611 170
611 388
611 367
996 269
206 652
582 573
129 17
996 203
996 653
136 707
919 662
611 454
264 615
270 627
611 412
611 755
611 269
611 532
611 401
919 412
133 556
611 382
611 34
611 652
119 358
314 573
609 412
5 755
556 615
412 755
34 358
34 755
154 755
652 440
440 573
440 881
440 269
440 532
269 573
881 269
881 532
532 556
440 556
412 401
440 850
881 850
269 401
269 850
573 693
401 556
693 556
664 556
47 556
309 850
693 850
401 850
309 693
309 401
693 401
969 401
664 969
556 417
556 691
755 615
440 17
440 170
440 800
382 487
556 662
556 487
556 714
556 232
556 388
911 615
295 920
911 46
911 645
17 615
691 615
232 615
721 615
306 615
86 615
170 17
388 17
367 691
627 17
627 691
170 615
388 615
367 615
627 615
920 203
46 645
46 800
645 800
203 563
203 249
645 721
800 517
920 563
80 721
696 721
80 696
203 170
203 388
203 627
920 170
800 17
920 17
517 170
517 388
696 388
696 17
249 17
721 306
740 615
414 615
541 615
220 615
306 17
86 691
170 367
170 627
388 367
388 627
367 627
740 170
414 388
541 170
541 388
740 17
414 17
541 17
306 388
306 414
306 541
740 367
541 367
414 691
306 627
220 367
220 627
86 367
86 627
627 707
17 707
615 195
615 662
615 653
86 761
691 14
170 662
627 662
17 938
691 938
691 195
615 714
615 505
17 714
627 771
627 714
487 707
325 707
761 707
714 662
195 662
501 662
714 195
454 505
771 707
662 487
195 487
454 325
771 487
771 741
14 707
29 707
29 741
14 325
29 761
741 761
835 761
567 325
653 567
835 567
615 675
440 168
573 307
615 739
615 965
707 675
615 218
232 655
721 655
17 30
691 342
691 932
691 685
627 853
170 218
203 596
662 218
325 675
29 675
325 655
707 978
501 932
662 802
454 30
501 97
938 853
707 907
707 685
487 342
567 30
325 30
325 342
653 30
653 342
835 30
835 342
655 675
218 675
770 655
978 655
30 655
342 655
932 655
685 655
770 978
30 342
30 932
592 30
592 342
802 30
592 802
592 932
30 685
30 978
981 770
981 978
981 685
978 650
655 650
655 13
13 97
97 675
770 675
655 218
655 480
685 421
13 596
354 596
853 596
354 307
907 230
907 846
307 675
596 675
168 596
480 596
128 596
307 596
168 480
128 307
680 307
480 675
128 675
307 421
421 675
657 675
245 218
675 739
932 739
853 85
770 995
218 515
675 262
218 960
675 705
675 571
675 960
218 237
218 274
675 266
960 739
266 274
266 574
574 705
266 202
705 237
202 739
571 960
237 960
74 237
960 202
960 515
739 515
739 48
739 85
739 262
571 742
739 995
745 515
139 515
138 537
85 262
85 742
262 742
995 85
995 262
995 742
995 745
85 745
742 745
965 515
965 745
745 175
48 515
175 515
604 515
48 175
48 604
175 604
584 117
584 217
584 957
584 234
584 520
584 547
697 478
779 267
611 602
611 878
611 955
584 405
584 722
584 281
584 227
584 384
584 164
584 400
206 267
870 990
206 586
611 143
611 595
996 164
996 585
611 372
794 334
133 789
261 540
481 420
584 941
584 702
584 500
584 451
147 572
926 302
963 33
675 572
995 572
170 617
960 22
401 121
742 393
771 805
573 990
850 990
615 790
721 712
232 865
615 586
691 113
262 478
571 267
218 955
128 267
218 756
675 990
218 23
675 585
342 23
85 805
965 805
571 602
515 602
85 37
745 238
515 817
515 990
960 990
739 23
515 117
742 990
139 23
139 990
515 568
515 23
515 644
537 990
965 161
48 990
175 990
965 23
48 23
139 100
572 478
632 478
602 478
723 478
955 478
805 478
990 805
23 990
644 990
100 990
161 990
281 990
347 990
568 23
568 990
100 23
100 568
23 942
64 942
23 347
990 377
23 49
942 161
281 644
347 644
433 644
49 644
161 347
281 347
281 433
347 433
281 49
49 347
644 377
377 535
644 117
644 865
990 117
990 217
990 585
23 763
644 394
281 732
347 732
535 732
394 763
394 457
394 789
763 789
732 352
929 712
117 217
117 585
117 865
217 585
217 865
585 865
540 117
712 117
540 712
768 865
540 217
712 217
712 247
712 405
247 217
161 164
585 885
247 648
712 805
117 878
585 37
217 805
457 602
540 37
712 164
540 805
117 957
352 602
712 957
217 384
217 808
247 602
247 438
989 603
37 805
878 805
438 805
215 805
227 805
808 805
87 805
164 805
957 602
37 878
438 602
790 602
227 602
384 602
808 602
603 957
438 215
438 790
957 790
957 384
603 808
215 790
215 384
790 227
790 384
227 384
384 808
411 215
411 384
384 878
808 37
805 514
805 734
602 514
602 830
227 509
384 509
215 45
411 37
227 87
215 514
87 37
87 878
164 37
164 878
509 878
514 37
734 37
734 164
734 878
164 509
37 722
164 813
164 45
45 878
483 878
722 878
813 878
830 878
45 509
483 509
45 722
483 722
878 73
878 706
805 73
384 962
602 370
215 370
37 879
87 706
37 962
37 290
37 431
509 962
878 290
878 648
45 962
509 370
483 290
509 0
813 962
73 723
706 723
370 962
290 370
290 648
648 0
431 924
431 130
885 723
827 723
73 706
817 953
597 885
597 706
597 723
817 827
124 706
353 706
124 723
130 723
353 723
879 827
879 73
879 706
827 73
827 706
124 827
130 827
353 827
124 130
124 353
130 353
990 267
990 586
117 586
644 234
644 197
540 267
990 113
438 478
597 478
723 267
878 955
130 955
827 267
73 197
73 586
706 197
73 267
723 234
723 197
723 586
0 267
924 586
597 267
130 267
353 267
879 197
723 332
953 332
723 427
706 332
723 372
113 478
197 267
586 267
595 267
234 586
234 267
197 586
372 267
891 267
427 267
332 586
372 197
372 586
197 891
197 427
891 586
197 529
586 620
427 595
620 234
595 234
595 529
673 529
673 613
586 455
197 70
197 544
395 955
455 955
637 395
153 955
637 955
736 395
455 395
955 145
955 70
395 70
455 145
955 50
955 544
455 544
544 145
812 70
812 334
145 478
70 478
620 478
586 78
736 478
70 318
400 478
78 478
67 478
350 478
527 113
320 113
400 113
320 979
113 224
400 96
224 478
545 478
96 478
107 478
420 478
135 478
769 478
224 78
923 96
67 260
43 350
260 350
769 350
43 260
43 769
260 769
805 572
267 572
478 429
478 821
478 497
478 617
644 497
602 497
723 497
990 530
238 233
45 621
73 775
49 781
478 520
395 632
478 40
478 233
478 753
478 530
478 7
395 429
955 530
50 83
372 572
478 781
224 572
400 572
224 621
478 702
478 172
113 152
478 915
478 359
478 775
478 927
350 429
260 40
43 429
43 821
260 821
769 429
769 821
617 632
313 572
313 632
572 632
497 572
40 429
40 821
233 429
429 821
702 821
702 40
429 28
429 54
821 749
429 775
821 927
54 444
444 233
775 941
941 753
444 753
233 174
775 749
941 749
174 753
749 753
749 174
174 927
429 647
40 647
702 474
174 33
927 580
174 172
927 172
530 33
904 530
474 530
915 530
172 647
647 530
904 172
474 647
915 647
474 915
474 33
915 33
647 6
172 33
647 33
530 580
530 6
474 6
647 580
580 33
6 33
580 6
530 83
915 315
33 359
359 374
818 760
289 760
315 289
530 572
33 572
749 621
172 572
647 572
83 572
289 572
33 621
33 451
152 993
621 572
7 572
503 572
765 572
889 572
221 572
141 572
902 572
500 572
451 572
781 572
621 7
621 902
621 500
121 7
765 7
500 7
121 902
765 500
500 497
451 497
781 497
451 781
993 781
451 889
572 44
572 550
497 719
497 44
44 550
994 727
727 719
429 632
572 116
429 617
821 617
152 617
647 534
782 632
902 313
572 925
719 476
572 348
572 355
572 667
889 302
497 986
719 355
302 632
986 632
116 632
667 302
268 302
302 348
302 986
302 784
355 986
569 348
871 348
784 348
569 871
569 784
871 784
348 486
871 986
403 355
76 986
403 986
986 617
875 672
486 476
348 617
520 632
476 632
894 632
547 632
534 632
553 632
439 617
826 520
183 520
888 520
520 229
520 536
183 229
183 903
638 917
917 536
536 393
393 869
508 439
917 632
536 632
869 632
439 632
617 672
617 748
617 488
617 476
617 894
617 547
617 534
638 313
536 313
536 476
439 116
869 379
617 11
508 476
439 672
11 632
872 632
436 632
906 632
814 632
672 313
748 313
672 632
601 632
748 632
587 632
476 116
894 116
553 116
476 313
894 313
547 313
534 313
872 313
476 894
11 476
11 894
672 894
894 547
894 534
894 553
313 426
313 436
313 906
872 116
601 116
748 116
925 116
22 534
22 553
534 553
426 547
426 116
436 116
684 116
906 116
601 748
748 547
426 436
436 684
684 906
906 601
906 748
426 534
601 587
601 925
748 587
748 925
748 534
426 925
906 488
748 379
379 534
814 534
587 925
587 534
925 534
925 553
488 22
488 534
488 553
379 587
379 925
814 587
