1000 3675

880 584
68 584
690 584
674 584
211 584
305 584
443 584
864 584
831 584
528 584
909 584
593 584
963 584
16 584
783 584
95 584
263 584
605 584
893 584
119 584
630 584
440 584
573 584
850 584
203 584
170 584
388 584
367 584
627 584
662 584
487 584
325 584
761 584
770 584
978 584
596 584
960 584
117 584
217 584
585 584
73 584
234 584
113 584
753 584
7 584
179 584
519 584
525 584
548 584
339 584
590 584
950 584
187 584
847 584
916 584
223 584
744 584
2 584
841 584
131 584
106 584
971 584
731 584
829 584
910 584
460 584
926 584
794 584
870 584
94 584
825 584
129 584
425 584
919 584
17 584
691 584
707 584
655 584
218 584
739 584
515 584
23 584
644 584
37 584
723 584
197 584
586 584
955 584
429 584
821 584
497 584
116 584
345 167
283 167
551 167
786 167
255 167
801 167
356 167
206 167
697 167
996 167
556 167
675 167
617 167
345 584
283 584
380 584
786 584
378 584
255 584
801 584
356 584
206 584
697 584
996 584
368 584
556 584
615 584
675 584
990 584
805 584
617 584
89 565
89 554
89 611
733 565
733 554
733 478
472 554
419 554
764 554
764 611
764 478
576 565
576 554
576 478
704 611
999 554
999 611
198 611
779 611
572 565
572 611
572 478
632 565
632 478
89 167
733 167
472 167
419 167
764 167
576 167
704 167
999 167
198 167
779 167
572 167
632 167
89 584
733 584
472 584
419 584
764 584
576 584
704 584
999 584
198 584
779 584
572 584
632 584
565 554
565 478
554 478
611 478
565 167
554 167
611 167
478 167
565 584
554 584
611 584
478 584
167 584
158 565
327 565
982 565
179 565
102 565
698 565
698 554
519 565
519 554
548 554
339 554
345 89
283 89
283 733
551 89
551 733
380 733
380 472
786 733
786 472
378 89
378 472
345 565
283 565
551 565
380 554
786 554
378 554
89 733
89 472
880 565
961 565
171 565
212 565
279 565
298 565
642 565
344 565
772 565
599 565
564 565
102 89
376 89
376 733
557 89
557 733
519 89
519 733
525 89
525 733
345 551
283 551
456 565
823 565
18 565
868 565
485 565
895 565
101 565
448 565
976 565
991 565
158 345
179 345
102 345
698 345
866 565
188 565
899 565
210 565
303 565
681 565
445 565
614 565
239 565
299 565
214 565
115 565
880 158
880 327
880 982
961 158
961 327
961 982
171 158
171 327
171 982
212 327
212 982
158 327
158 982
327 982
456 158
987 158
987 327
987 982
823 158
823 327
823 982
18 327
18 982
880 961
880 171
961 171
469 158
366 158
709 158
469 456
778 456
709 987
366 982
987 880
987 961
158 777
709 823
709 880
987 823
777 982
333 982
670 327
670 982
866 982
823 880
823 961
823 171
18 171
777 961
777 171
670 18
333 171
866 171
961 212
171 212
18 212
327 210
670 212
866 212
171 681
212 279
868 212
188 868
899 868
210 868
303 868
681 868
188 212
899 212
210 212
303 212
681 212
188 899
188 210
188 681
210 303
210 681
239 485
239 895
485 895
445 614
895 279
485 101
895 101
101 279
448 279
299 279
299 448
214 448
115 976
327 179
565 396
565 811
976 298
19 345
24 345
406 345
298 179
344 179
772 179
599 179
564 179
564 102
564 698
922 102
922 698
68 102
68 698
642 345
344 345
772 345
599 345
564 345
922 345
68 345
179 102
102 698
298 642
344 772
991 642
396 298
811 991
811 642
335 179
335 772
344 599
772 599
179 19
179 498
344 498
772 498
410 345
191 345
181 345
331 345
552 345
939 345
513 345
42 345
788 345
798 345
854 345
934 345
24 102
24 698
406 102
564 922
564 68
922 68
19 599
19 564
410 19
498 19
191 19
410 599
498 599
191 599
513 564
181 331
181 552
181 939
331 552
331 939
552 939
564 24
564 42
564 757
564 788
564 798
564 854
564 399
513 42
513 757
798 102
399 102
934 102
77 102
77 698
820 102
24 922
406 68
798 24
399 24
42 922
757 922
788 922
798 922
854 922
42 757
42 788
42 854
757 788
757 854
788 854
798 854
399 934
934 406
934 68
934 820
77 406
820 406
77 68
820 68
922 733
698 283
698 551
345 665
68 665
68 551
102 665
698 665
102 265
102 867
698 296
698 867
68 867
235 89
235 733
111 89
111 733
461 89
461 733
628 89
628 733
246 89
246 733
473 89
473 733
338 283
338 551
376 283
376 551
557 283
557 551
519 283
519 551
525 283
525 551
980 551
144 551
940 283
940 551
235 665
235 338
235 376
235 557
235 283
235 551
665 338
665 376
338 376
338 557
376 557
265 665
26 665
676 665
980 665
373 665
447 665
867 265
296 867
373 26
447 26
26 676
308 980
676 338
980 338
980 376
308 338
713 283
199 551
512 283
512 551
720 283
720 551
383 283
383 551
658 283
658 551
743 551
61 283
972 283
972 551
984 283
144 557
940 376
940 557
713 557
557 720
199 144
199 940
512 144
720 144
720 940
144 940
199 720
512 720
383 658
383 743
658 743
61 984
972 984
144 733
376 461
557 461
338 525
376 525
283 671
283 477
551 671
283 111
283 461
283 628
551 111
551 461
551 628
551 246
283 365
551 93
972 671
61 461
972 111
972 461
972 628
951 733
666 733
735 89
735 733
397 89
397 733
69 89
69 733
682 89
682 733
887 89
887 733
160 89
160 733
310 89
310 733
716 89
716 733
750 89
750 733
774 89
774 733
273 89
273 733
671 89
671 733
428 733
477 89
477 733
651 733
316 89
316 733
118 89
118 733
490 89
490 733
832 89
832 733
461 525
628 519
246 519
246 525
473 525
519 525
671 519
428 519
477 519
651 519
111 461
111 628
461 628
671 111
671 461
671 628
365 671
365 111
365 461
951 519
428 477
428 651
477 651
477 525
651 525
519 316
477 246
519 357
519 666
477 357
651 357
316 525
118 525
490 525
357 525
666 525
735 525
397 525
316 246
357 246
666 246
357 666
246 397
397 316
525 69
525 310
490 473
832 473
69 490
682 490
887 118
887 490
118 490
69 682
69 887
69 473
682 473
682 774
160 832
750 832
273 832
160 473
310 473
716 473
750 473
774 473
160 310
160 716
160 750
160 774
310 716
310 750
310 774
716 750
716 774
89 591
473 378
89 200
89 809
89 639
89 795
89 966
89 392
89 398
89 562
89 689
733 809
733 562
89 890
89 360
89 479
733 890
733 360
733 479
473 890
273 890
832 890
464 554
276 554
155 554
918 554
828 554
132 554
548 472
380 786
380 378
786 378
200 591
809 890
639 795
639 966
795 966
639 360
795 360
618 479
398 479
392 398
479 562
479 796
562 689
689 796
207 591
126 591
432 591
207 200
209 824
824 629
607 816
284 472
243 472
242 472
677 472
859 472
148 472
679 472
62 472
496 472
442 380
442 786
862 380
862 786
701 472
442 472
862 472
105 312
422 312
312 729
3 105
3 475
105 422
105 475
944 92
944 701
92 701
92 791
701 791
228 954
125 442
288 380
242 380
242 786
677 380
859 380
859 786
148 380
148 786
679 380
679 786
62 380
62 786
496 380
496 786
243 442
288 442
442 677
442 859
288 859
242 677
242 859
677 859
148 862
679 862
442 554
862 554
380 548
472 464
472 276
472 155
472 918
242 554
677 554
496 554
862 378
380 258
380 507
380 724
786 258
786 507
380 464
380 276
380 155
786 464
786 276
786 155
786 918
786 828
472 178
472 793
472 371
472 258
472 507
472 484
472 248
380 178
380 793
380 241
380 371
380 936
786 178
786 793
786 371
62 464
258 554
507 554
484 554
724 554
248 554
453 554
715 554
815 554
548 378
178 554
371 554
900 554
465 554
936 554
845 554
381 554
837 554
876 554
322 554
53 554
300 554
258 378
507 378
724 378
248 378
828 548
464 378
276 378
918 378
178 378
241 378
371 378
900 378
465 378
936 378
845 378
464 276
276 155
258 464
258 276
507 464
507 276
178 258
793 464
178 276
258 371
258 507
241 507
241 276
371 276
900 276
241 371
900 465
900 936
484 155
724 155
465 936
845 724
845 155
484 724
155 918
484 918
724 918
724 381
155 381
155 837
155 876
845 381
248 548
453 548
248 918
248 828
381 918
837 918
876 918
322 918
876 322
53 248
53 828
918 453
759 548
300 548
896 548
300 896
815 132
626 815
600 815
626 600
110 132
441 132
594 132
337 132
110 441
110 337
132 873
873 339
369 339
134 339
533 339
546 339
849 339
858 339
752 873
914 873
430 873
747 873
752 914
914 430
914 747
430 747
914 933
546 369
858 369
933 369
546 849
546 858
849 858
849 933
858 933
339 810
201 134
810 134
201 810
201 533
134 533
591 167
548 167
380 764
380 999
89 419
733 764
733 576
472 419
472 764
472 576
565 847
554 590
554 71
339 419
472 226
815 419
339 416
112 167
60 167
728 167
975 167
57 167
150 167
52 167
690 167
81 167
674 167
386 167
211 167
305 167
443 167
864 167
831 167
528 167
909 167
71 167
226 167
187 167
847 167
916 167
223 167
744 167
804 167
2 167
841 167
131 167
106 167
971 167
731 167
829 167
255 419
255 764
255 576
255 999
801 419
801 764
801 576
801 704
356 764
356 576
356 704
356 999
419 764
419 576
419 704
419 999
764 576
764 999
576 999
576 198
704 999
704 198
999 198
590 419
590 764
437 419
437 764
71 419
71 764
226 419
226 764
226 576
950 419
950 764
187 419
187 764
187 576
847 419
847 764
847 576
916 764
916 576
255 801
112 419
112 764
561 419
561 764
60 419
60 764
589 419
589 764
219 590
112 437
561 590
561 437
60 437
122 590
185 590
434 590
612 590
222 590
416 521
542 521
952 416
952 521
416 542
588 590
683 590
122 219
434 219
222 219
588 122
588 434
683 122
683 185
683 612
1 185
1 612
122 185
122 434
122 612
185 612
434 612
588 683
588 222
588 219
122 222
434 222
219 566
590 758
112 561
112 60
561 60
311 566
336 566
311 336
566 204
566 114
311 55
311 204
336 204
109 114
766 114
703 114
856 114
55 766
109 766
109 703
109 856
703 856
109 437
109 688
466 437
182 437
324 437
415 437
91 561
688 561
710 561
240 112
240 561
362 112
362 561
466 112
466 561
91 688
91 710
688 710
240 466
362 60
112 182
112 324
112 415
112 467
561 182
561 415
182 60
324 60
415 60
467 60
182 324
182 415
324 415
415 467
466 419
182 419
415 419
566 419
437 589
437 71
112 589
561 589
60 589
112 423
437 874
437 725
324 589
60 874
874 419
725 419
725 764
495 419
495 764
272 419
272 764
225 419
225 764
256 419
256 764
882 419
882 764
275 419
275 764
822 419
822 764
462 419
462 764
458 419
458 764
717 419
717 764
838 419
838 764
330 764
549 419
549 764
762 419
762 764
294 764
137 764
423 419
423 764
446 419
446 764
21 419
21 764
31 419
31 764
518 419
518 764
560 419
560 764
660 419
8 419
8 764
589 71
589 226
71 226
423 71
446 71
446 226
21 71
21 226
31 71
31 226
518 226
495 71
272 71
423 589
446 589
874 589
725 589
589 495
495 423
272 423
272 446
423 446
272 226
589 31
71 256
71 882
71 462
272 31
446 882
423 31
446 31
446 518
272 882
225 226
256 226
882 226
275 226
822 226
462 226
225 21
225 31
225 518
256 21
256 31
256 518
882 31
822 31
822 518
21 31
21 518
31 518
225 256
256 822
275 822
660 950
717 560
838 560
330 560
549 560
762 560
717 838
717 330
717 549
717 762
838 549
330 762
549 762
137 660
660 166
196 950
558 950
700 950
108 950
166 8
349 8
166 349
196 558
196 700
226 255
950 255
108 576
226 187
950 187
950 847
764 385
764 66
108 255
950 726
108 847
196 187
108 187
950 570
108 726
108 104
108 570
728 576
975 576
57 576
150 576
52 576
187 255
187 801
847 255
847 801
916 801
385 576
418 576
579 576
785 576
66 576
254 576
998 576
286 576
555 576
253 576
538 576
840 576
937 576
726 255
278 255
278 801
363 801
737 801
278 576
363 576
737 576
728 255
728 801
975 255
975 801
187 847
104 255
341 255
799 255
287 255
385 255
641 255
708 255
435 255
928 255
956 255
4 255
163 255
387 255
973 255
726 187
278 187
278 847
570 187
341 187
799 187
287 187
385 187
641 187
708 187
435 187
104 726
341 799
341 287
341 708
799 287
799 708
385 641
385 708
641 435
341 847
799 847
287 847
385 847
641 847
435 847
187 163
187 387
187 973
928 847
956 847
4 847
163 847
387 847
15 847
973 847
928 163
956 163
4 163
4 387
163 387
15 278
492 278
973 278
15 492
973 801
418 801
579 801
785 801
66 801
254 801
998 801
555 801
840 801
728 975
687 857
785 363
363 728
363 975
737 728
737 975
66 737
254 737
998 737
66 728
66 975
254 728
254 975
998 728
998 975
66 254
66 998
254 998
737 538
286 555
555 253
253 538
253 840
253 937
538 840
538 937
840 937
728 916
975 916
187 916
801 575
801 326
801 57
801 150
576 968
576 79
576 575
576 326
576 578
728 57
975 57
253 916
937 57
57 916
150 916
575 916
326 916
57 150
575 57
326 57
326 150
186 244
186 964
244 964
10 578
364 52
180 52
518 167
363 167
575 167
326 167
10 167
578 167
419 744
764 744
576 223
576 744
576 2
253 167
937 167
968 167
79 167
186 167
244 167
692 167
364 167
180 167
173 167
801 744
576 690
187 744
576 413
52 223
52 744
173 223
173 744
173 216
173 842
413 167
848 167
912 167
491 167
65 167
149 167
649 167
901 167
84 167
663 167
898 167
661 167
985 167
317 167
389 167
494 167
127 167
958 167
292 167
59 167
804 999
2 999
841 999
131 704
131 999
106 704
106 999
106 198
971 704
971 999
971 198
731 704
731 999
731 198
829 704
829 999
829 198
910 704
910 999
910 198
216 167
616 167
842 167
526 167
819 167
321 167
852 167
90 167
361 167
833 167
123 167
539 167
606 167
38 167
577 167
208 167
252 167
511 167
328 167
271 167
32 167
806 167
746 167
301 167
9 167
162 167
82 167
623 167
223 356
744 356
804 356
2 356
413 356
491 356
65 356
149 356
649 356
690 223
690 744
690 804
81 804
81 2
690 356
81 356
223 744
223 804
744 804
804 2
413 223
413 744
848 223
848 744
912 223
912 744
491 804
65 744
65 804
216 223
216 744
616 223
616 744
842 223
842 744
526 744
819 223
819 744
321 223
321 744
852 223
852 744
90 744
361 744
216 848
616 848
842 848
526 413
526 912
819 413
819 848
413 848
413 912
848 912
216 616
216 842
616 842
413 321
848 321
912 321
526 321
526 852
321 852
90 361
361 833
744 123
744 539
744 606
90 123
361 123
38 804
577 804
208 804
252 804
511 804
491 690
65 690
123 491
606 491
123 539
606 690
491 577
38 65
577 65
511 65
38 690
577 690
208 690
511 690
38 577
577 511
208 252
208 511
577 356
208 356
511 356
804 149
804 649
690 649
252 149
252 649
328 356
271 356
806 356
901 2
149 649
806 2
746 2
301 2
9 2
901 81
32 806
806 81
301 901
9 901
301 81
9 81
301 9
2 84
2 663
2 898
81 663
81 898
9 663
901 663
674 841
386 841
211 841
162 663
678 84
678 898
84 663
84 898
663 898
82 913
661 913
661 985
913 985
516 317
531 841
389 841
494 841
674 386
39 674
674 623
674 797
797 531
970 531
623 797
623 841
970 841
531 386
970 386
970 610
610 841
159 841
625 841
892 841
389 386
494 211
610 386
159 386
892 386
159 892
625 892
625 389
892 389
988 211
674 999
386 999
211 999
167 654
661 999
39 999
389 999
494 999
841 305
305 704
305 999
443 704
443 999
864 704
864 999
864 198
293 704
293 999
831 704
528 704
528 198
909 704
909 198
156 999
493 999
935 999
635 999
654 999
636 999
839 704
997 704
997 999
41 704
142 704
803 704
140 704
640 704
738 704
947 704
375 704
522 704
624 704
855 704
58 999
510 999
27 999
402 999
127 999
958 704
958 999
72 704
292 704
608 704
598 704
598 999
949 704
443 131
864 131
58 305
510 305
493 305
305 27
58 27
305 935
935 27
654 402
402 131
654 131
402 958
127 131
958 131
443 864
864 293
864 831
293 831
636 131
839 131
958 443
72 443
127 958
636 443
997 72
839 443
997 443
72 864
443 292
443 608
997 864
72 142
72 803
997 142
292 864
292 293
292 831
608 864
598 293
598 831
949 293
949 831
142 608
140 292
140 608
640 292
738 292
738 608
947 292
947 608
41 864
142 864
803 864
640 864
947 864
292 608
41 142
41 803
142 803
140 640
140 738
140 947
640 738
640 947
738 947
640 293
292 598
947 855
375 598
522 598
522 949
624 598
855 598
375 293
375 831
522 293
522 831
624 293
855 293
375 522
624 855
864 106
864 971
864 829
293 106
293 971
831 106
831 971
131 106
704 945
704 619
704 404
704 631
704 921
704 943
704 452
704 686
704 946
704 59
292 106
292 971
608 106
598 106
598 971
949 106
949 971
375 106
375 971
522 106
522 971
624 106
831 946
831 945
711 198
351 198
699 198
730 198
189 198
190 198
280 198
884 198
205 198
792 198
528 731
528 829
528 910
909 731
106 971
106 731
106 829
106 910
971 731
971 829
971 910
731 829
731 910
829 910
946 106
946 971
59 731
59 829
59 910
189 106
189 971
189 731
189 829
189 910
992 731
992 829
992 910
945 106
945 971
499 106
404 631
631 499
921 943
631 731
921 829
106 686
250 829
452 731
452 829
686 731
686 910
88 731
88 829
88 910
863 829
502 731
502 829
502 910
694 731
694 910
250 452
250 686
452 686
250 863
452 88
452 863
686 863
88 992
502 59
502 189
502 992
694 59
59 189
189 992
731 340
910 190
910 280
59 528
992 528
694 528
190 340
282 280
282 711
280 909
884 909
205 909
792 909
711 280
351 884
699 280
699 884
730 884
351 909
699 909
730 909
351 730
327 478
345 632
551 632
89 617
733 617
733 313
89 572
89 632
733 572
733 632
565 116
565 617
565 313
158 632
327 632
982 632
179 632
283 617
565 520
565 476
565 894
565 534
565 553
880 632
961 632
212 632
158 313
327 617
327 313
982 313
565 601
565 488
565 925
469 632
778 632
823 313
456 632
448 632
212 617
158 894
158 547
158 22
158 553
327 22
327 534
327 116
823 116
456 22
456 553
778 488
778 553
456 488
159 584
502 584
901 584
402 584
292 584
189 584
992 584
280 584
356 779
198 206
198 996
764 779
704 779
999 779
198 779
167 460
167 926
106 779
704 460
999 926
198 460
198 926
198 794
198 129
909 779
999 16
198 593
198 963
198 16
198 783
909 926
106 926
829 926
198 669
198 883
198 192
198 231
198 408
198 844
198 897
198 718
198 622
198 754
205 926
205 231
669 584
974 584
120 584
192 584
193 584
836 584
390 584
259 584
643 584
861 584
468 584
886 584
20 584
581 584
776 584
931 584
470 584
967 584
977 584
98 584
177 584
176 584
449 584
450 584
656 584
136 584
504 584
323 584
668 584
56 584
157 584
523 584
695 584
877 584
146 584
482 584
36 584
343 584
767 584
147 584
151 584
63 584
471 584
780 584
773 584
264 584
463 584
34 584
154 584
652 584
309 584
664 584
969 584
47 584
911 584
800 584
517 584
541 584
454 584
231 584
408 584
897 584
718 584
459 584
754 584
304 584
583 584
506 584
908 584
257 584
481 584
103 584
169 584
948 584
983 584
582 584
261 584
391 584
843 584
959 584
905 584
329 584
133 584
270 584
346 584
646 584
314 584
559 584
609 584
5 584
358 584
412 584
755 584
269 584
532 584
401 584
232 584
721 584
306 584
86 584
195 584
501 584
938 584
771 584
30 584
342 584
274 584
202 584
85 584
742 584
965 584
825 611
129 611
919 611
17 611
655 611
206 779
697 779
996 779
368 779
206 611
697 611
996 611
368 611
556 611
615 611
675 611
893 611
119 611
630 611
460 779
794 779
870 779
94 779
825 779
129 779
425 779
919 779
206 697
206 996
697 996
697 368
996 368
593 779
95 779
263 779
605 779
593 460
593 926
593 794
963 460
963 926
16 460
16 926
783 460
783 926
783 794
460 926
460 794
231 460
231 926
408 460
408 926
844 460
844 926
897 460
718 460
718 926
622 460
622 926
593 963
593 16
593 783
963 16
963 783
16 783
669 460
669 926
408 593
844 593
897 593
897 963
669 231
669 408
669 844
844 16
897 16
897 783
593 718
963 718
718 16
718 783
622 16
622 783
99 718
883 718
99 16
99 783
883 16
883 783
974 783
883 974
883 622
974 622
718 165
718 622
783 120
783 165
783 192
783 634
883 192
974 120
974 192
120 622
165 622
192 622
634 622
120 165
120 192
120 634
165 192
165 634
192 634
192 754
193 754
193 12
459 794
754 794
304 794
583 794
851 794
12 754
459 754
304 583
304 51
583 51
251 506
836 506
251 836
643 779
776 779
194 779
524 779
257 779
481 779
263 870
263 94
263 825
605 94
605 825
870 94
870 825
94 825
908 870
75 95
643 908
861 908
543 908
787 908
259 95
643 95
861 95
543 95
787 95
259 643
259 861
643 861
861 543
543 787
908 886
95 886
213 870
468 870
886 870
20 870
285 870
581 870
776 870
860 870
213 468
20 285
20 776
285 581
285 776
20 860
285 860
776 860
870 257
481 94
481 825
263 605
257 263
931 257
470 257
194 470
263 481
524 94
524 825
481 605
524 481
94 206
94 697
825 206
825 697
825 996
263 206
605 206
94 129
825 129
779 967
779 977
779 177
779 103
779 169
779 582
948 611
582 611
261 611
843 611
905 611
329 611
133 611
270 611
346 611
314 611
559 611
609 611
5 611
129 206
129 697
129 996
425 206
425 697
425 996
919 996
919 368
103 206
169 206
948 206
948 697
983 206
983 697
983 996
582 697
582 996
261 996
959 697
959 996
129 425
967 206
977 206
98 206
177 206
169 129
948 129
983 129
98 177
176 129
449 129
450 129
169 948
948 983
176 983
449 983
176 449
176 450
449 450
98 697
176 697
449 697
450 697
129 582
129 656
656 697
656 996
136 697
136 996
504 697
504 996
323 996
668 996
523 996
877 996
582 425
656 425
136 425
504 425
136 504
136 582
504 582
56 261
56 391
56 843
56 959
157 261
157 959
523 959
695 261
695 391
695 843
877 261
877 391
877 843
261 391
261 843
391 843
843 959
56 157
56 523
157 523
695 877
129 919
996 329
697 893
996 893
261 893
391 893
843 893
56 893
695 893
877 893
261 146
695 146
147 611
151 611
63 611
471 611
780 611
773 611
264 611
463 611
133 368
270 368
346 368
646 368
314 368
119 368
630 368
767 368
147 368
151 368
329 919
133 919
270 919
346 919
646 919
905 893
482 905
146 893
482 893
146 482
905 329
36 329
767 919
147 919
151 919
147 133
147 270
151 133
151 346
133 270
133 346
270 346
270 646
346 646
919 314
368 291
368 63
368 471
368 780
133 630
147 119
119 630
314 119
314 630
63 314
471 314
780 314
291 119
63 119
63 630
471 119
471 630
780 119
780 630
63 471
63 780
471 780
119 463
630 773
773 463
264 463
559 609
368 556
611 440
611 573
611 850
611 358
611 412
611 755
611 269
611 532
611 401
611 306
611 86
611 34
611 382
611 154
611 652
611 309
556 615
17 556
17 615
691 556
691 615
412 556
269 556
532 556
401 556
440 556
573 556
850 556
440 573
34 358
34 412
382 358
154 358
154 412
154 755
358 412
358 755
412 755
269 440
269 573
532 440
532 573
440 881
881 269
881 532
881 573
269 532
881 556
573 850
532 850
269 309
309 556
693 556
664 556
969 556
47 556
417 556
401 850
309 401
309 850
693 850
664 850
969 850
309 693
664 969
556 203
556 388
721 615
306 615
86 615
195 615
501 615
938 615
203 17
170 17
388 17
388 691
367 17
367 691
627 691
662 17
662 691
662 707
487 707
325 707
761 707
203 615
170 615
388 615
367 615
627 615
662 615
17 691
17 707
691 707
249 615
740 615
414 615
541 615
220 615
721 17
306 17
306 691
86 17
86 691
203 170
203 388
170 388
170 367
170 627
388 367
388 627
367 627
232 203
721 203
46 232
920 232
46 203
645 203
920 203
46 645
46 800
645 800
232 563
203 80
203 517
203 563
203 696
920 517
920 563
80 721
517 721
696 721
517 696
80 17
696 17
721 170
203 86
249 170
740 17
414 17
541 17
541 691
220 691
306 170
306 388
306 367
86 367
86 627
740 306
414 306
541 306
740 170
740 388
414 170
414 388
541 170
541 388
414 541
388 220
220 86
220 367
220 627
627 662
691 501
691 938
86 938
195 707
771 707
662 487
487 761
195 662
501 662
938 662
771 662
714 195
714 501
714 938
714 662
195 501
195 938
454 771
454 505
771 487
771 761
714 487
454 487
505 487
14 707
29 707
741 707
567 325
14 487
29 741
14 761
29 761
741 761
653 567
835 567
653 325
835 325
653 835
615 655
567 675
662 655
325 655
761 655
17 770
707 770
707 655
325 978
707 30
707 932
567 770
487 30
325 30
325 342
325 932
653 342
835 30
835 342
567 30
567 342
325 802
655 675
218 675
739 675
685 675
97 675
853 675
846 675
307 675
770 655
978 655
770 675
596 675
30 655
342 655
932 655
685 655
97 655
853 655
770 978
981 655
30 770
30 978
342 770
932 978
685 770
685 978
592 30
592 932
802 30
802 342
802 932
30 342
30 932
592 802
592 770
342 685
981 685
770 97
655 13
655 650
685 650
981 650
13 97
13 650
907 675
907 846
853 846
230 675
168 675
480 675
128 675
680 675
421 675
657 675
307 218
846 596
307 596
230 596
230 168
230 480
128 307
680 307
168 596
480 596
128 680
307 421
307 657
596 421
245 218
421 657
218 571
218 739
675 960
218 274
218 266
571 739
960 739
745 515
139 515
739 515
237 739
202 739
571 960
266 274
574 274
266 574
705 571
705 960
705 237
74 739
25 739
237 571
237 960
202 571
202 960
74 237
74 571
74 960
237 202
85 515
262 515
742 515
965 515
138 537
995 85
995 262
995 742
85 262
85 742
262 742
85 745
262 745
742 745
48 515
175 515
604 515
965 745
965 48
965 175
48 175
48 604
611 990
584 438
675 990
218 990
739 990
515 990
675 23
85 990
262 990
742 990
965 990
745 23
139 23
960 990
745 990
139 990
515 568
515 23
515 644
48 990
604 990
965 23
515 100
48 23
175 23
604 23
139 100
723 478
197 478
586 478
955 478
429 478
821 478
617 632
313 632
990 478
805 478
267 478
617 478
572 632
73 478
706 478
395 478
113 478
990 805
805 267
23 990
644 990
644 805
602 805
37 990
37 805
878 805
723 805
100 990
161 990
281 990
347 990
433 990
535 990
712 990
568 23
568 990
865 990
23 644
319 990
64 990
942 990
49 990
377 990
100 23
161 23
161 644
281 23
281 644
347 644
433 644
535 644
319 23
64 23
100 568
568 64
64 942
64 644
942 644
49 644
377 644
49 281
49 347
49 433
161 281
161 347
281 347
281 433
347 433
377 535
535 732
535 763
377 732
117 217
117 585
117 865
217 585
217 865
585 865
394 143
763 143
457 143
394 732
394 763
732 763
457 789
143 789
712 117
712 217
712 585
712 865
540 712
768 117
540 117
540 217
540 585
540 865
247 217
247 585
247 865
405 217
405 585
989 217
247 405
405 989
712 805
117 602
217 602
217 878
585 602
217 805
585 805
405 805
117 957
217 957
585 957
585 384
438 805
215 805
227 805
384 805
790 805
808 805
87 805
164 805
509 805
962 805
957 602
957 37
73 723
706 723
957 805
602 37
602 878
37 878
878 723
411 805
514 805
734 805
45 805
438 602
438 37
215 602
215 37
227 602
227 37
384 602
384 37
384 878
790 602
790 37
808 602
87 37
164 37
164 878
509 37
509 878
411 602
438 957
215 957
790 957
603 438
438 215
438 384
438 790
411 215
411 227
411 384
411 790
411 808
215 384
215 790
215 808
227 384
227 790
227 808
384 790
384 808
790 808
411 37
227 87
227 164
808 87
514 37
514 878
734 37
45 37
45 878
483 37
483 878
722 37
722 878
813 878
830 878
514 87
734 164
734 509
164 509
734 483
45 509
483 509
722 509
45 483
45 722
813 830
37 962
878 962
805 290
37 0
878 370
878 648
878 431
827 723
879 723
73 706
290 962
370 962
648 962
0 962
290 370
290 648
370 648
648 0
431 924
238 723
124 723
130 723
353 723
827 73
827 706
879 73
879 706
597 885
817 953
238 597
885 827
124 827
130 827
353 827
124 73
124 706
130 73
130 706
353 73
353 706
827 879
124 130
124 353
130 353
602 267
723 267
805 197
805 586
885 267
827 267
73 197
73 586
706 197
706 586
73 267
706 267
723 197
723 586
124 267
130 267
353 267
827 197
827 586
73 234
723 332
723 595
723 529
130 197
73 332
706 332
723 372
70 478
633 478
400 478
78 478
67 478
350 478
197 267
586 267
955 267
332 267
595 267
529 267
234 197
234 586
395 955
234 267
197 586
372 267
891 267
427 267
332 197
595 586
529 586
372 197
891 197
891 586
427 586
372 332
427 234
595 234
529 234
620 595
620 234
673 529
409 613
455 955
145 955
70 955
637 955
297 955
736 955
455 395
637 395
637 297
736 455
297 395
736 395
395 145
955 50
955 544
455 50
455 145
395 50
50 145
544 145
50 544
145 70
812 70
812 334
70 334
70 318
334 318
334 527
320 478
979 478
224 478
545 478
923 478
96 478
107 478
420 478
135 478
43 478
260 478
769 478
400 113
320 400
320 113
979 113
113 78
224 78
545 923
923 420
96 107
43 350
260 350
769 350
43 260
43 769
260 769
478 40
478 233
478 753
478 530
478 33
790 572
478 702
478 444
478 749
478 172
478 83
478 28
478 775
478 915
67 821
350 429
350 821
43 821
260 821
769 821
350 40
350 702
429 572
821 572
497 572
302 572
302 632
986 572
986 632
116 632
617 313
233 572
753 572
530 572
33 572
621 572
7 572
40 429
40 821
233 429
233 821
530 429
429 821
702 429
702 821
749 429
233 753
28 429
54 821
702 40
28 54
40 749
28 233
54 233
444 233
444 753
749 233
749 753
775 444
775 233
775 941
775 749
941 749
941 753
444 749
174 753
927 753
174 927
753 530
429 172
749 33
753 172
753 647
927 172
749 172
530 33
172 530
172 33
647 530
647 33
6 530
6 33
904 172
474 647
915 647
904 530
474 530
915 530
172 647
474 915
474 33
915 33
647 580
647 6
530 580
530 152
915 580
580 6
580 33
152 33
530 818
751 818
359 374
359 83
315 83
315 289
315 760
83 289
83 760
289 760
927 572
172 572
83 572
289 572
760 572
315 621
121 572
765 572
993 572
889 572
141 572
221 572
44 572
550 572
994 572
35 572
500 572
902 572
451 572
781 572
719 572
621 497
500 497
451 497
781 497
621 7
500 7
902 621
902 7
503 621
503 7
121 902
121 7
765 7
121 765
7 451
500 993
889 497
221 497
993 451
993 781
889 451
451 781
44 550
727 719
782 727
572 355
572 875
348 632
520 632
476 632
894 632
547 632
22 632
553 632
302 617
986 617
116 617
116 313
348 302
355 986
268 302
302 569
302 871
569 348
784 348
871 348
569 784
569 871
784 871
184 486
424 986
76 986
403 986
403 355
424 76
871 632
348 617
355 617
986 520
355 520
183 632
903 632
536 632
508 632
869 632
11 632
872 632
426 632
436 632
684 632
906 632
379 632
439 617
439 313
672 617
672 313
601 313
748 313
587 313
925 617
439 632
672 632
601 632
748 632
488 632
587 632
925 632
476 116
547 116
22 116
534 116
553 116
520 617
520 313
476 617
476 313
894 617
894 313
547 617
547 313
22 617
22 313
534 617
534 313
553 617
638 617
536 617
393 617
508 617
869 617
826 520
888 520
183 888
520 229
520 917
183 229
183 903
888 229
229 638
229 903
638 917
536 393
393 508
617 11
617 872
617 436
617 906
11 313
872 313
684 313
379 313
601 116
748 116
488 116
587 116
925 116
476 894
476 547
894 547
547 534
22 534
22 553
534 553
672 476
672 894
11 476
11 894
672 872
894 872
672 547
894 925
426 116
436 116
684 116
906 116
814 116
601 534
748 534
488 22
488 534
488 553
587 22
587 534
587 553
925 547
925 22
925 534
426 601
436 601
906 601
906 748
426 547
436 547
684 547
906 547
601 748
426 436
426 684
436 684
436 906
906 925
426 534
436 534
684 534
906 534
601 587
601 925
748 587
748 925
379 488
379 587
379 925
814 587
814 925
379 22
379 534
814 22
814 534
587 925
379 814
