1000 2737

733 584
419 584
764 584
576 584
704 584
198 584
779 584
565 584
554 584
611 584
478 584
733 565
158 565
327 565
982 565
179 565
212 565
279 565
456 158
469 158
987 158
366 158
709 158
709 987
158 880
158 327
158 982
778 670
709 171
987 333
158 823
366 880
987 961
709 823
709 880
987 823
880 327
880 982
961 327
961 982
171 982
327 982
823 982
880 961
823 880
880 171
823 171
777 171
171 333
333 866
866 670
158 868
709 895
158 279
982 448
327 115
327 212
327 303
327 485
171 188
866 868
18 188
895 565
448 565
976 565
868 212
188 868
899 212
899 188
868 681
899 210
210 681
681 485
485 895
445 279
895 299
239 101
299 565
279 299
565 564
18 179
961 642
171 772
777 179
961 991
327 698
982 19
823 599
171 331
333 498
565 19
279 102
895 922
565 991
485 642
868 179
868 344
188 344
115 298
396 298
298 991
396 642
642 811
642 179
991 344
772 179
344 772
642 345
991 922
344 934
344 345
179 599
179 564
772 599
698 345
19 345
19 599
410 19
410 599
599 564
498 939
331 345
181 345
552 345
939 345
331 181
181 939
552 939
345 922
498 798
191 698
564 922
345 934
564 399
564 42
564 757
564 854
68 102
68 698
102 698
42 757
42 788
42 854
854 922
798 922
24 102
854 102
934 698
934 102
24 77
406 102
77 406
406 68
345 89
565 283
987 551
327 235
895 376
469 308
565 461
961 733
456 89
868 89
565 93
976 525
448 246
778 477
179 733
298 733
922 733
345 525
811 733
564 519
345 246
772 628
19 490
991 338
102 551
406 283
68 376
922 551
102 338
698 338
331 551
934 551
24 376
191 338
788 235
345 665
498 867
798 26
698 26
102 447
102 867
102 296
698 867
733 89
551 283
265 407
407 665
26 665
373 665
265 676
308 980
665 338
26 338
296 283
676 551
676 283
980 338
980 376
308 235
557 551
557 283
235 557
338 376
338 557
713 557
235 551
557 383
713 551
713 199
557 199
199 551
512 551
720 551
144 940
144 199
144 512
940 199
743 283
61 283
984 283
972 283
743 383
743 61
743 972
61 984
296 525
551 525
512 733
713 89
551 316
283 246
283 473
376 118
283 666
713 666
376 461
557 628
557 671
551 651
283 671
551 111
283 461
283 628
144 461
283 365
972 111
519 89
525 733
461 111
671 461
671 111
628 93
428 519
651 519
477 519
651 477
628 89
671 733
461 397
651 89
477 89
519 887
428 887
651 733
519 525
477 316
428 246
519 357
477 357
246 733
246 89
473 89
735 733
397 733
316 733
246 525
666 246
525 316
246 316
525 397
246 397
525 735
316 89
733 887
733 69
733 490
525 490
735 490
887 89
716 89
774 89
310 89
160 89
750 89
118 89
490 89
832 89
118 887
887 490
682 490
887 473
887 750
716 473
774 473
716 774
473 750
716 310
774 310
310 160
160 750
774 832
160 832
89 554
565 472
344 472
565 479
565 207
513 786
961 200
854 591
772 242
880 724
934 465
335 896
376 554
557 554
89 464
111 378
89 724
89 815
461 155
283 936
477 918
887 155
461 322
628 914
682 626
376 689
972 479
383 809
338 472
557 472
235 472
376 92
519 472
246 472
316 954
473 954
671 200
519 629
89 200
89 432
89 126
89 607
774 591
733 890
357 795
525 360
89 966
89 890
473 809
832 809
832 890
472 554
380 472
786 472
795 966
795 360
360 398
360 479
618 392
618 398
392 398
479 562
809 591
795 591
200 591
207 591
209 824
890 729
689 380
816 472
591 729
200 105
629 729
816 3
607 105
380 786
105 475
422 729
92 791
228 125
125 786
791 243
243 442
442 380
442 786
442 472
288 859
679 472
148 472
496 472
862 380
862 786
862 472
242 859
242 496
679 380
679 786
148 786
496 380
496 786
62 380
380 554
472 378
472 873
786 378
3 258
228 155
380 548
786 548
786 248
380 837
862 554
472 464
243 484
380 484
380 464
380 276
786 464
786 276
380 793
786 178
496 464
378 554
155 554
918 554
828 554
258 554
507 554
484 554
724 554
464 178
464 507
464 241
507 241
276 900
241 554
371 554
464 378
276 378
371 378
845 554
484 378
936 378
378 845
484 155
724 155
178 828
155 548
378 918
378 828
554 837
554 53
484 837
845 381
837 876
837 918
322 918
248 828
918 548
548 896
453 896
554 132
554 933
918 134
453 849
896 715
600 815
815 594
110 441
110 132
337 132
815 914
815 339
337 339
752 873
914 873
873 546
752 339
747 933
933 849
849 858
546 369
810 134
201 134
201 533
551 764
89 576
565 226
525 764
345 801
89 950
564 419
642 764
519 255
733 60
565 416
296 419
991 419
24 764
980 764
490 576
642 187
665 57
338 590
376 71
179 950
551 122
42 801
316 187
551 688
376 256
519 558
158 555
980 387
798 538
551 167
283 167
557 167
551 704
823 167
733 223
89 804
214 167
720 167
519 356
345 971
490 999
671 704
102 223
283 58
733 949
895 2
934 2
316 884
235 142
380 356
554 528
430 167
554 884
381 999
155 356
339 223
548 731
378 674
378 443
554 493
507 744
629 731
125 848
759 84
626 81
479 636
241 404
554 419
591 219
472 495
472 114
591 560
380 240
380 294
496 612
288 561
360 423
472 576
786 255
729 576
360 538
554 726
810 801
507 52
554 219
828 590
378 416
548 222
548 419
554 518
793 21
248 423
845 349
815 419
873 764
339 226
873 71
914 71
626 222
815 112
858 114
201 766
339 521
747 219
933 219
873 434
134 542
533 416
764 167
576 167
419 764
952 521
521 122
542 222
834 434
219 590
1 185
185 683
683 434
588 122
588 434
122 434
612 590
185 222
683 590
122 219
434 219
122 222
434 222
222 590
521 561
952 112
590 60
122 109
590 109
336 566
311 336
758 55
758 109
311 204
204 109
55 766
766 109
109 114
703 114
856 703
114 561
856 688
112 437
561 112
91 710
91 112
710 561
466 561
466 362
362 112
466 60
240 182
466 182
466 324
182 60
324 60
415 60
182 324
182 415
182 437
590 764
437 419
437 764
590 589
612 71
590 256
122 764
1 349
55 764
240 764
566 764
561 419
60 419
336 419
324 419
688 226
466 226
437 275
437 589
112 589
437 874
71 764
226 419
226 764
950 419
950 764
589 419
725 589
589 446
589 495
725 495
423 71
446 71
495 423
272 446
725 419
272 419
71 226
589 21
874 21
272 462
446 226
71 31
423 21
495 518
446 31
882 419
225 419
256 419
822 419
462 419
21 419
31 419
518 419
31 226
518 226
882 21
225 21
21 31
225 256
256 226
225 518
256 518
21 518
31 518
31 462
589 717
423 166
31 764
518 764
419 660
822 458
458 764
838 764
549 764
762 764
560 764
717 838
458 762
717 549
717 762
330 560
549 762
549 660
764 349
764 558
166 8
349 166
166 700
196 950
700 950
196 700
950 108
764 801
764 576
112 576
60 576
182 576
60 255
467 801
416 847
311 187
362 728
222 387
561 555
240 956
419 52
419 326
950 575
294 150
950 576
419 187
419 847
764 847
71 255
725 576
589 66
560 385
764 278
660 847
950 847
950 956
950 187
700 255
950 570
801 576
187 576
187 255
847 255
341 799
104 255
104 187
104 385
341 641
341 708
287 255
385 255
641 255
435 255
287 187
385 187
641 187
187 435
187 847
726 847
187 492
255 956
287 847
956 847
847 387
163 387
15 492
278 973
492 973
187 857
187 975
255 975
799 728
278 728
278 801
847 363
973 418
728 576
975 576
363 801
579 801
418 801
785 801
579 785
785 363
363 576
801 728
801 975
801 66
363 737
785 728
254 576
555 576
253 576
538 576
840 576
937 576
737 576
728 975
66 728
66 975
254 728
254 975
998 728
998 975
66 254
66 998
975 737
66 286
728 253
286 555
555 253
253 538
538 840
538 937
840 937
576 916
187 916
576 173
576 57
728 916
576 575
66 575
253 150
57 916
150 916
575 150
326 150
968 186
186 244
186 964
244 964
244 578
10 578
578 52
364 52
52 180
364 180
801 167
112 167
31 167
8 167
166 167
226 356
419 898
112 211
275 223
874 744
108 690
122 833
764 131
437 909
950 909
950 829
764 502
419 730
112 493
255 999
576 999
576 198
187 198
916 198
385 704
799 198
578 198
52 829
255 142
692 731
968 292
66 340
728 167
975 167
57 167
150 167
52 167
187 167
576 356
737 167
576 223
104 167
579 167
975 356
801 149
576 577
278 223
104 744
785 744
435 216
15 606
418 511
801 678
956 674
578 841
578 167
968 167
326 321
57 149
52 356
364 356
964 167
186 223
244 912
578 804
173 223
173 744
173 842
356 167
690 167
81 167
744 167
804 167
2 167
848 167
413 167
491 167
65 167
149 167
649 167
216 167
616 167
526 167
361 167
90 167
123 167
539 167
606 167
38 167
577 167
511 167
208 167
252 167
223 744
848 223
848 744
912 223
413 223
216 223
216 744
616 223
842 223
216 616
216 842
216 848
223 819
744 819
912 413
223 321
413 321
833 361
223 491
744 491
744 65
413 38
819 252
321 804
690 804
123 606
606 491
491 804
539 690
606 65
65 690
38 65
690 577
577 804
252 804
208 252
167 806
912 356
321 356
744 649
833 81
912 746
539 271
65 149
65 649
149 356
649 356
328 356
149 328
356 271
356 32
356 806
149 806
149 81
81 2
301 81
301 901
81 9
9 901
167 663
167 84
167 898
167 389
744 663
744 678
744 988
65 797
356 211
81 674
2 970
9 674
9 623
356 898
356 162
149 678
2 516
2 84
32 663
81 898
678 898
898 82
82 913
985 661
516 317
84 625
162 625
661 674
913 623
674 531
797 531
674 841
674 386
674 494
531 841
386 841
386 159
841 389
159 389
625 389
389 988
356 999
167 305
167 528
690 999
167 839
223 293
38 131
744 493
819 305
167 946
167 992
167 189
356 106
167 945
167 619
2 731
356 189
356 909
848 971
2 205
2 945
806 992
162 198
841 999
841 704
531 864
841 997
159 855
211 999
39 999
988 999
389 999
211 402
841 305
999 704
704 198
131 999
131 704
305 999
493 305
156 999
58 999
305 27
935 999
27 999
402 999
935 27
999 443
305 831
402 704
999 140
999 640
999 947
999 598
999 949
999 127
999 72
402 131
654 131
402 958
864 704
293 704
831 704
127 131
636 131
131 839
839 443
127 704
131 864
131 292
127 855
72 624
443 375
443 292
72 292
72 864
997 864
72 803
142 704
738 704
140 704
640 704
624 704
855 704
375 704
522 704
608 704
292 704
598 704
608 864
41 864
142 864
803 864
41 142
864 292
864 140
864 947
738 292
947 292
738 140
140 947
640 947
864 598
864 855
142 522
292 831
640 855
293 831
624 598
624 855
855 375
375 293
522 293
375 522
598 949
375 831
522 831
999 106
999 971
999 731
704 106
704 971
999 88
864 198
704 528
72 198
704 711
949 528
608 280
443 971
636 106
997 106
839 971
131 499
72 946
443 619
443 189
293 829
831 731
704 502
608 731
375 829
855 910
864 992
640 250
831 106
831 971
704 945
704 921
608 971
738 106
640 946
947 946
608 499
41 404
949 921
522 971
731 198
106 971
946 106
945 106
971 631
945 921
946 499
404 499
971 731
106 59
971 59
619 731
619 59
943 910
404 250
731 829
829 910
250 452
250 992
88 59
863 829
88 731
992 731
189 731
189 829
59 731
59 910
502 731
992 502
992 189
502 189
502 910
731 694
189 59
694 910
971 909
943 351
502 198
910 909
59 711
829 528
910 528
910 190
910 340
528 198
190 340
340 280
282 280
282 711
711 198
699 198
351 198
730 198
792 198
205 198
280 884
699 909
730 909
351 730
280 792
345 584
786 584
356 584
982 584
179 584
102 584
519 584
961 584
155 584
934 584
795 584
966 584
371 584
89 206
565 368
89 739
554 170
327 556
472 893
89 388
554 195
729 675
772 425
599 615
564 675
339 203
179 139
548 218
551 573
733 75
89 323
472 309
733 844
89 506
89 5
235 605
283 563
410 926
774 926
513 794
546 17
976 367
832 960
327 634
465 685
18 157
987 408
676 412
248 501
936 154
61 645
774 454
345 478
89 267
982 805
733 865
473 955
551 281
89 427
89 595
89 633
565 527
345 238
565 572
102 572
670 572
698 497
991 174
880 580
880 727
565 313
456 784
327 632
982 632
565 547
565 22
327 617
709 520
366 632
158 22
158 553
456 116
778 488
778 553
158 379
158 601
880 116
823 814
777 632
565 426
212 488
239 672
212 906
212 617
179 617
344 617
772 313
42 313
772 22
68 601
144 632
376 534
551 476
89 906
283 826
525 569
376 871
383 672
61 925
867 894
477 403
651 748
980 925
461 871
519 572
554 632
339 572
380 313
918 572
786 116
62 572
594 632
933 632
472 403
554 536
815 116
155 7
786 436
837 233
378 478
380 990
92 478
591 267
554 962
134 267
380 217
380 113
392 267
284 878
132 438
747 145
148 352
759 107
999 478
167 990
167 805
999 990
167 23
690 478
167 672
185 478
131 267
198 894
167 290
970 632
189 990
491 617
909 805
975 267
71 217
847 706
106 233
804 530
437 7
106 197
356 7
576 597
704 121
999 379
576 509
799 805
898 821
190 116
589 568
589 706
150 233
690 547
187 781
106 601
82 37
280 476
106 107
131 174
131 503
847 550
988 164
163 529
700 172
708 585
32 585
631 33
560 393
211 732
909 929
539 370
311 374
762 826
4 426
804 584
131 584
910 584
167 779
225 584
700 584
964 584
1 584
437 611
847 611
419 996
419 630
882 779
341 611
578 368
57 794
561 129
882 206
387 697
326 129
847 506
187 582
71 270
518 119
975 754
728 259
937 543
52 218
916 541
834 342
219 920
167 596
167 853
829 615
731 675
999 139
2 850
2 662
356 342
704 454
704 202
131 401
804 846
985 388
106 25
375 86
351 938
654 237
32 745
855 800
640 714
142 168
443 584
198 611
167 206
167 16
167 783
167 851
167 259
356 231
81 783
690 481
321 481
901 584
84 584
167 630
81 611
167 948
167 391
841 133
271 967
510 584
189 584
198 697
999 425
971 206
704 893
935 611
792 206
198 264
699 996
190 129
280 129
792 449
686 343
999 779
704 779
704 16
999 669
704 120
999 897
608 926
958 460
522 844
704 870
999 194
640 870
910 94
943 870
910 886
198 926
731 593
971 926
731 844
971 897
59 593
731 120
945 408
863 783
59 844
502 930
59 794
731 754
731 304
198 593
198 16
340 897
190 883
198 192
198 622
909 783
711 165
909 926
198 669
198 231
280 231
205 926
205 231
206 584
697 584
996 584
556 584
615 584
794 584
870 584
94 584
129 584
425 584
919 584
707 584
655 584
739 584
16 584
783 584
263 584
893 584
630 584
963 460
593 460
844 926
231 669
669 926
231 460
408 460
897 460
963 593
926 16
926 783
231 16
408 16
231 718
593 622
963 193
963 16
593 16
460 718
16 718
99 783
718 974
883 783
974 783
16 622
99 930
718 120
718 634
783 634
883 192
974 120
974 634
120 622
192 622
634 622
120 634
192 165
120 251
974 851
120 754
634 12
193 459
930 12
193 12
12 754
754 583
459 851
851 794
304 583
794 51
304 51
836 506
836 390
193 581
231 779
718 779
754 860
506 95
94 779
825 779
643 95
643 861
95 787
259 787
259 543
543 908
787 908
95 776
581 870
776 870
20 776
285 776
870 860
20 860
285 860
95 779
787 931
213 524
870 931
605 779
194 470
470 263
470 779
257 779
263 94
263 825
524 779
481 779
605 94
605 825
94 825
481 524
524 94
524 825
669 584
886 584
931 584
779 206
779 996
926 697
794 206
506 996
16 697
593 996
120 129
718 323
844 391
581 611
870 270
94 147
825 425
825 582
825 843
825 656
263 323
825 129
605 206
94 967
967 584
176 584
323 584
668 584
56 584
157 584
877 584
695 584
146 584
482 584
36 584
767 584
151 584
291 584
780 584
773 584
948 584
983 584
582 584
959 584
261 584
391 584
843 584
329 584
646 584
270 584
133 584
346 584
314 584
559 584
609 584
5 584
919 611
206 611
996 611
206 996
129 206
977 206
177 206
177 948
103 169
948 129
169 450
948 983
983 129
176 129
449 129
450 129
983 450
176 449
176 450
449 450
129 697
129 996
129 959
176 843
948 996
983 697
948 425
450 996
129 323
450 582
450 697
983 425
449 425
425 697
425 996
582 697
582 996
504 697
656 425
136 425
656 582
323 996
996 261
996 391
996 668
959 523
56 157
877 261
695 261
695 843
261 391
391 843
129 559
261 611
695 611
504 63
996 905
323 329
582 919
261 368
523 919
56 270
959 893
56 893
959 146
843 905
391 893
843 893
695 893
261 146
843 146
695 146
919 368
146 893
893 482
36 329
646 368
133 368
346 368
767 151
767 919
767 147
646 919
270 919
147 919
646 270
151 133
151 346
133 346
919 630
368 314
368 119
919 264
151 773
151 630
609 611
119 630
314 119
314 630
63 471
63 780
471 780
471 314
471 119
780 119
630 463
780 773
471 611
463 611
314 609
630 5
264 559
559 609
584 388
584 761
794 556
779 203
825 573
94 34
468 573
213 969
622 853
611 675
584 802
584 650
584 13
584 48
584 846
584 274
584 202
206 675
368 960
136 932
151 307
133 245
63 354
611 707
584 34
584 309
584 295
584 696
584 358
584 232
584 721
584 86
584 771
584 567
261 556
697 358
206 573
582 412
56 417
425 203
425 388
697 195
996 170
425 306
425 80
368 615
611 170
611 367
611 487
559 615
630 17
919 761
780 707
611 440
270 309
611 309
611 969
611 417
780 556
611 358
611 412
611 269
291 412
630 34
5 573
611 382
611 154
611 652
34 412
412 154
358 755
412 755
154 755
755 652
755 440
440 573
440 269
412 693
440 556
440 850
440 309
269 47
881 850
573 401
850 556
309 850
693 850
309 693
693 401
664 969
417 295
556 615
412 691
573 203
556 487
664 761
556 691
556 721
47 721
850 696
664 517
850 615
556 306
969 17
47 17
417 691
17 615
46 645
920 203
203 721
232 721
920 517
920 563
696 721
203 691
645 388
232 691
721 170
721 388
563 170
249 170
249 740
170 17
388 17
388 691
367 691
627 691
170 615
367 615
627 615
740 17
306 388
740 170
740 388
17 541
740 414
306 414
306 541
388 414
414 541
414 615
541 615
17 86
170 220
170 86
541 220
220 615
86 691
220 367
367 86
220 86
86 627
615 707
249 662
691 325
615 567
627 325
691 29
86 567
938 195
195 662
501 662
714 195
714 501
714 662
938 707
714 707
501 29
662 14
938 761
771 761
454 707
771 14
771 487
454 487
487 707
14 707
741 707
487 835
741 567
29 761
741 761
835 325
911 932
850 981
615 237
615 965
232 515
170 202
220 960
388 74
615 655
615 978
691 97
920 932
615 218
740 675
487 675
761 675
662 596
501 978
771 770
325 655
707 655
707 342
741 342
325 342
325 30
567 342
567 30
325 802
325 592
978 655
770 655
342 592
802 30
592 30
30 932
30 655
932 655
932 981
685 655
978 770
978 685
770 685
655 981
770 981
30 650
655 853
770 853
655 97
655 13
978 650
354 853
342 596
770 675
13 846
907 846
218 675
230 480
168 596
480 596
596 128
480 307
680 307
307 675
596 675
230 675
168 218
168 675
128 675
680 675
421 675
421 657
657 218
655 237
655 745
770 85
675 739
307 705
128 960
675 960
218 274
218 574
266 274
266 574
574 705
266 960
705 571
571 739
960 739
571 960
74 960
237 739
960 25
571 202
960 202
739 25
705 515
571 262
25 262
995 85
995 262
85 262
745 515
965 515
175 515
48 515
515 604
175 139
48 604
584 23
584 429
584 217
825 478
584 483
584 438
584 827
206 805
897 478
460 990
611 67
905 267
263 990
129 113
825 586
779 215
836 267
843 23
559 723
368 64
996 394
157 723
787 955
459 113
605 509
94 527
877 87
329 929
169 712
959 790
611 572
584 40
584 520
584 547
584 553
584 426
584 702
584 439
425 632
697 617
95 986
963 601
36 553
630 727
615 632
742 617
850 429
770 429
850 617
978 313
707 500
627 702
745 6
487 289
487 748
515 684
139 536
421 875
556 644
627 990
17 568
517 990
401 706
691 924
911 117
86 100
556 478
615 478
17 334
203 350
596 478
342 478
965 478
262 267
218 145
48 153
853 990
680 990
978 585
770 433
480 217
685 942
932 457
770 805
675 384
675 962
685 602
655 827
307 438
853 879
739 805
571 878
515 603
705 45
515 990
515 161
139 23
515 23
48 990
604 990
175 23
604 23
139 100
100 990
568 990
100 23
319 64
990 281
990 347
319 644
942 281
281 644
347 644
644 49
49 433
644 535
644 377
377 535
568 143
319 143
100 763
568 929
990 768
535 405
161 143
433 143
377 929
394 143
763 143
763 789
763 585
789 585
352 540
712 117
540 712
540 117
117 217
117 585
712 247
712 865
540 217
540 585
217 865
247 405
23 805
535 805
990 227
377 805
990 483
990 885
644 827
990 130
732 73
217 370
585 431
929 45
585 87
247 87
712 805
217 805
712 602
117 603
865 808
247 411
585 438
989 957
878 805
790 805
215 805
227 805
808 805
957 602
957 805
438 602
603 957
438 790
411 805
790 215
215 384
227 808
957 37
805 87
602 87
438 878
227 37
411 87
790 164
87 37
164 37
734 37
37 509
734 878
37 813
509 878
483 509
45 509
45 722
722 878
813 830
411 370
805 706
602 817
734 723
878 817
830 706
37 648
37 924
45 648
878 370
813 370
370 962
290 962
370 648
431 924
0 723
924 130
431 885
706 723
73 723
817 953
597 885
885 238
885 827
827 723
706 73
706 827
879 353
706 124
124 723
130 723
124 827
353 827
130 827
124 130
353 130
124 73
353 73
37 478
990 478
990 267
990 586
143 955
23 595
990 673
347 673
535 332
319 891
64 620
768 478
405 478
990 224
117 979
957 478
805 113
878 320
885 420
706 527
37 267
878 267
813 586
602 372
73 145
723 153
0 586
290 673
73 529
885 267
706 586
723 197
723 586
267 478
197 267
586 267
197 586
372 197
267 891
197 891
427 586
267 595
267 529
197 529
595 529
673 529
673 613
586 736
197 70
197 334
267 50
620 145
620 395
613 395
395 955
659 153
153 455
455 955
736 955
736 395
955 50
395 50
145 70
812 70
812 334
70 334
267 400
197 923
145 96
70 78
395 96
955 527
113 478
400 113
320 113
113 979
400 478
527 478
400 135
320 478
67 478
350 478
96 478
420 478
78 545
478 135
478 43
478 769
43 350
260 769
769 350
723 572
962 572
763 429
164 233
45 632
347 632
602 553
805 22
130 302
319 22
478 617
478 534
955 476
633 894
478 821
478 429
586 429
234 233
955 6
659 429
586 152
955 359
586 572
70 572
478 621
260 572
478 530
113 429
633 233
400 233
478 818
478 702
478 444
420 233
135 233
67 429
350 821
67 40
769 40
43 821
260 821
40 429
702 821
429 444
28 233
54 233
941 749
749 753
444 172
753 6
927 6
749 915
172 647
647 530
474 647
915 530
647 6
530 580
6 33
580 33
6 152
647 751
530 83
33 818
374 760
83 315
315 760
289 760
821 572
927 572
40 451
749 550
915 7
315 503
497 572
621 500
902 7
902 121
902 765
503 572
503 889
500 497
500 781
889 572
141 572
781 572
993 451
781 889
621 44
572 719
572 550
572 994
141 44
550 35
994 35
572 617
572 632
760 617
760 313
749 520
6 553
497 632
572 547
572 553
500 617
572 986
621 76
727 986
719 784
268 302
667 348
268 871
268 784
569 871
569 348
871 348
569 784
784 348
348 184
355 986
424 76
403 986
403 355
986 632
302 229
302 476
355 632
403 553
569 617
986 826
617 313
888 183
638 917
536 617
439 617
183 632
903 632
917 925
617 925
617 547
617 672
617 476
617 894
508 313
894 632
547 632
534 632
22 632
11 632
872 632
672 632
894 313
476 894
11 672
11 476
672 476
672 894
872 313
313 748
313 547
313 22
632 906
632 748
632 925
476 748
476 925
672 587
476 814
313 426
547 116
553 116
684 116
426 116
436 116
547 684
547 436
684 436
426 436
547 748
116 906
426 748
906 748
906 601
547 925
436 925
684 814
426 488
436 553
748 22
906 553
601 925
22 553
925 534
587 379
925 379
534 379
534 814
379 488
814 22
488 553
