1000 3614

158 584
179 584
102 584
338 584
591 584
548 584
339 584
187 584
916 584
223 584
744 584
804 584
841 584
106 584
731 584
829 584
910 584
926 584
794 584
870 584
94 584
825 584
129 584
425 584
919 584
17 584
691 584
707 584
655 584
218 584
515 584
23 584
644 584
723 584
197 584
586 584
955 584
429 584
302 584
986 584
345 584
551 584
380 584
786 584
378 584
356 584
206 584
697 584
996 584
368 584
556 584
615 584
675 584
990 584
805 584
267 584
617 584
89 167
733 167
472 167
419 167
764 167
576 167
999 167
704 167
198 167
779 167
89 584
733 584
472 584
419 584
764 584
576 584
999 584
704 584
198 584
779 584
572 584
632 584
565 554
565 478
611 478
565 167
554 167
611 167
478 167
565 584
554 584
611 584
478 584
167 584
551 167
380 167
786 167
255 167
801 167
356 167
89 565
89 554
733 565
733 554
472 565
472 554
419 554
764 554
576 554
345 565
283 565
380 554
786 554
378 554
89 733
89 472
733 472
880 565
961 565
171 565
212 565
279 565
298 565
344 565
564 565
68 565
327 733
102 89
698 89
665 89
376 89
376 733
557 733
519 89
519 733
525 89
525 733
158 565
327 565
982 565
179 565
102 565
665 565
376 565
557 565
345 551
283 551
345 89
283 89
283 733
551 89
551 733
456 565
987 565
823 565
18 565
868 565
485 565
895 565
101 565
448 565
976 565
991 565
406 565
179 345
102 345
698 345
709 565
333 565
866 565
899 565
210 565
303 565
681 565
445 565
614 565
239 565
299 565
214 565
115 565
158 327
158 982
327 982
987 158
987 327
987 982
823 158
823 327
823 982
880 961
880 158
880 327
880 982
961 158
961 327
961 982
171 158
171 327
171 982
469 158
366 158
709 158
469 456
778 456
709 987
366 982
709 327
987 880
987 961
987 171
987 18
987 823
709 823
777 327
777 982
333 327
333 982
866 982
823 880
823 961
823 171
777 961
777 171
333 171
866 171
670 18
866 18
171 212
158 485
158 976
982 868
327 212
982 212
158 239
961 101
171 448
982 115
18 212
880 868
982 188
777 210
670 212
18 868
868 212
188 212
899 212
210 212
303 212
681 212
188 899
188 868
899 868
868 681
210 681
681 895
485 895
445 614
445 239
239 895
899 448
895 101
239 101
448 279
299 279
101 448
299 976
299 448
214 448
115 976
327 102
565 396
565 335
565 410
565 513
212 344
976 298
115 298
298 345
344 345
772 345
599 345
564 345
922 345
68 345
179 102
102 698
344 772
642 179
772 179
991 642
396 298
396 642
335 179
335 772
344 599
772 564
179 599
179 68
772 757
772 19
179 410
179 498
179 191
344 498
772 410
772 498
410 345
498 345
191 345
181 345
331 345
552 345
939 345
42 345
757 345
820 345
24 102
406 102
406 698
564 922
599 102
599 698
564 102
922 102
68 102
68 698
19 599
410 599
498 599
410 19
410 552
331 564
939 564
513 564
181 331
181 552
331 552
331 939
552 939
331 102
19 922
564 24
939 922
513 922
564 42
564 757
564 798
564 854
513 757
399 102
934 102
77 102
820 102
24 922
406 922
42 922
788 922
798 922
854 922
42 757
42 788
788 854
798 399
399 934
399 24
934 24
399 68
934 77
934 406
77 68
77 406
820 406
599 733
68 733
102 283
698 283
565 676
448 89
102 519
335 733
102 665
102 338
698 665
24 283
922 235
102 235
698 235
19 665
406 665
68 665
698 265
698 26
102 867
698 867
68 867
235 89
111 733
461 733
628 89
628 733
246 89
246 733
473 89
473 733
665 283
376 283
376 551
557 283
557 551
519 283
525 283
525 551
235 283
235 551
665 338
665 376
338 376
338 557
376 557
26 665
676 665
447 665
265 407
265 373
447 26
26 676
980 338
980 376
665 235
665 199
713 551
199 551
512 551
720 283
720 551
383 283
743 283
743 551
61 283
972 283
984 283
940 338
940 557
144 551
940 283
940 551
235 338
235 376
235 557
713 376
235 940
557 512
557 720
557 383
235 512
512 720
199 144
199 940
512 144
720 144
720 940
940 658
383 658
383 743
658 743
658 972
61 972
61 984
972 984
144 89
144 733
557 519
283 111
283 461
283 628
551 246
376 316
283 310
283 316
383 490
338 461
557 628
283 365
551 365
551 951
283 671
283 477
551 671
144 461
144 628
428 89
428 733
477 89
477 733
651 733
316 89
316 733
490 89
490 733
832 89
519 525
428 519
477 519
651 519
111 461
111 628
461 628
461 519
671 111
671 461
671 628
365 111
365 461
365 671
111 477
628 651
93 651
428 477
428 651
477 651
477 525
651 525
461 525
519 246
951 525
477 246
519 357
519 666
477 666
357 733
666 733
735 89
735 733
397 89
397 733
69 89
69 733
682 89
682 733
887 89
887 733
160 89
310 89
310 733
716 89
716 733
750 89
750 733
774 89
273 89
273 733
316 525
118 525
246 525
473 525
357 525
666 525
735 525
316 246
666 246
357 666
246 397
735 316
397 316
525 774
490 473
832 473
118 490
118 887
69 682
69 490
682 490
887 490
887 832
69 774
490 774
160 473
310 473
716 473
750 473
774 473
160 750
310 716
310 750
310 774
774 832
273 832
599 554
525 472
525 554
89 591
89 339
733 591
89 380
733 786
733 378
89 155
89 484
473 472
89 200
665 591
89 442
525 591
89 890
89 360
89 479
733 890
89 809
89 639
89 795
89 966
89 392
473 890
69 809
832 890
273 890
464 554
276 554
155 554
918 554
828 554
132 554
591 554
548 554
380 786
380 378
786 378
380 472
786 472
378 472
639 966
639 360
795 360
618 392
392 398
392 479
618 562
479 562
689 796
796 591
207 591
200 591
209 591
591 824
209 824
126 472
442 472
862 472
312 729
3 105
3 475
105 475
422 475
105 312
422 312
92 701
284 92
944 92
125 954
944 786
125 786
954 786
729 380
288 786
242 380
242 786
677 380
677 786
859 380
148 380
148 786
679 380
679 786
62 380
62 786
496 380
243 472
677 472
859 472
148 472
679 472
496 472
442 380
442 786
862 380
862 786
243 442
442 242
442 677
442 859
242 677
242 859
677 859
148 679
148 862
679 862
148 496
862 62
92 554
472 464
472 276
472 918
954 554
859 554
380 464
380 276
380 155
786 464
786 276
786 155
472 258
472 507
791 378
380 876
786 248
862 378
380 178
380 241
380 371
786 241
380 258
380 484
786 258
786 507
786 724
472 178
472 793
472 371
62 464
484 554
724 554
248 554
453 554
134 554
548 378
178 554
371 554
900 554
936 554
845 554
381 554
837 554
876 554
322 554
53 554
896 554
464 378
276 378
155 378
918 378
828 378
241 378
371 378
900 378
465 378
936 378
258 378
507 378
484 378
724 378
464 155
276 155
258 276
507 464
507 276
793 464
178 793
178 258
793 258
178 276
793 276
258 507
241 276
371 276
241 371
241 507
900 936
484 155
724 155
465 936
845 155
155 918
276 548
378 381
378 453
155 896
155 248
155 381
155 837
155 322
845 381
724 381
453 548
918 548
828 548
248 918
248 828
381 918
837 918
876 918
322 918
381 837
53 828
53 248
759 548
300 548
896 548
300 896
554 236
626 600
626 815
600 815
626 110
815 594
110 132
441 132
337 132
110 441
132 873
132 752
132 430
369 339
858 339
933 339
752 914
752 873
914 873
914 430
914 747
873 747
430 747
914 858
873 933
914 369
546 849
546 858
849 858
849 933
546 369
858 369
201 810
201 134
810 134
134 533
201 533
810 533
179 167
338 167
548 167
89 576
733 419
733 764
733 576
472 576
554 801
102 764
283 764
461 419
772 167
327 999
519 999
733 804
519 356
132 167
472 744
548 764
339 419
380 576
472 71
554 590
380 590
786 71
472 219
475 764
134 576
132 764
533 764
533 521
590 167
437 167
71 167
187 167
847 167
916 167
223 167
744 167
804 167
2 167
841 167
131 167
106 167
971 167
910 167
419 764
419 576
764 576
764 198
576 999
999 704
704 198
590 419
590 764
437 419
437 764
71 419
226 419
226 764
950 764
187 419
187 764
187 576
847 764
847 576
916 576
255 801
255 419
255 764
255 576
801 419
801 764
801 576
219 419
112 764
561 419
561 764
60 419
589 419
589 764
1 590
612 590
122 590
434 590
222 590
521 219
219 590
416 521
542 521
952 521
416 542
416 952
416 834
588 590
122 219
222 219
185 612
185 122
122 434
1 588
185 683
612 683
588 122
588 434
683 122
683 434
588 219
683 219
612 222
122 222
434 222
588 222
219 566
219 114
590 311
590 766
590 703
219 109
219 703
114 437
112 561
112 60
561 60
112 437
561 437
60 437
758 566
311 336
336 566
566 114
336 114
311 204
336 204
566 55
55 766
109 766
55 703
109 703
109 856
766 856
703 114
114 561
55 561
109 561
856 112
114 688
466 437
182 437
415 437
467 437
91 561
688 112
688 561
710 561
240 561
362 112
362 561
466 112
466 561
91 710
688 710
240 466
362 60
112 324
112 467
561 415
240 324
362 324
182 60
324 60
415 60
467 60
182 324
182 415
324 415
416 764
1 419
122 764
437 71
437 226
834 419
683 419
219 589
856 764
688 419
710 419
467 419
561 589
60 589
561 71
437 589
856 226
437 874
437 725
423 419
423 764
446 419
21 419
21 764
31 419
31 764
518 419
518 764
560 419
560 764
660 419
660 764
8 764
71 226
874 419
725 419
495 419
272 419
225 419
256 419
882 419
275 419
822 419
462 419
423 71
446 71
21 71
21 226
31 226
518 71
518 226
589 71
495 71
874 589
725 589
589 272
423 272
272 446
272 226
71 882
71 275
71 822
725 882
423 21
446 31
446 518
272 31
446 882
225 226
256 226
275 226
822 226
462 226
21 31
21 518
31 518
225 21
225 31
256 21
256 31
225 518
256 518
882 518
21 275
275 822
822 518
822 462
874 764
272 764
225 764
256 764
882 764
822 764
462 764
419 458
419 717
419 330
419 549
419 294
419 558
419 700
495 137
423 838
226 458
256 330
458 764
717 764
838 764
330 764
549 764
762 764
294 764
700 764
108 764
8 950
458 838
717 838
717 330
717 549
717 762
838 549
838 762
330 549
330 762
549 762
330 560
549 560
762 560
137 660
458 950
660 8
660 349
166 950
349 950
196 950
558 950
700 950
166 8
349 8
166 700
196 700
558 700
589 576
71 255
226 255
950 801
419 728
419 975
561 975
349 57
226 847
950 187
419 363
419 385
419 956
419 492
108 255
950 726
764 435
950 104
950 570
950 641
108 726
728 576
975 576
57 576
150 576
187 255
187 801
847 255
916 801
363 576
737 576
728 255
728 801
975 801
187 847
104 255
570 255
341 255
799 255
385 255
641 255
708 255
435 255
928 255
956 255
4 255
163 255
387 255
973 255
726 187
278 187
278 847
341 187
799 187
287 187
385 187
641 187
708 187
435 187
104 570
104 726
341 799
341 287
341 708
799 287
799 708
287 385
287 708
385 641
641 435
570 847
287 847
385 847
641 847
435 847
187 956
187 387
187 15
928 847
956 847
4 847
163 847
928 956
4 163
928 278
4 15
4 278
387 278
15 492
15 278
492 278
278 973
163 801
15 801
641 576
15 576
847 728
847 975
418 801
579 801
785 801
66 801
254 801
998 801
555 801
253 801
857 576
418 576
785 576
66 576
254 576
286 576
555 576
253 576
538 576
840 576
937 576
363 801
737 801
728 975
785 363
363 728
363 975
785 728
785 975
737 728
737 975
66 728
66 975
254 728
254 975
998 728
998 975
66 254
66 998
254 998
254 737
728 937
975 538
975 840
286 555
555 538
555 937
253 538
253 840
253 937
538 840
538 937
840 937
847 916
255 57
801 150
576 575
576 326
187 150
801 186
576 186
728 57
975 150
975 916
576 968
579 916
687 150
538 916
975 326
840 57
575 916
57 150
57 916
150 916
575 57
326 57
326 150
575 326
79 244
186 244
186 964
244 964
244 578
10 578
10 692
364 52
180 52
31 167
278 167
363 167
575 167
10 167
578 167
219 167
60 167
57 167
150 167
52 167
576 223
576 744
576 841
576 131
576 356
822 167
349 167
764 328
31 216
71 305
255 731
387 167
15 167
254 167
998 167
538 167
840 167
968 167
244 167
964 167
692 167
364 167
180 167
173 167
255 744
801 744
576 674
576 848
576 65
576 123
975 841
255 898
57 985
10 744
180 744
173 223
173 744
848 167
413 167
912 167
491 167
65 167
149 167
649 167
901 167
663 167
84 167
898 167
913 167
661 167
39 167
389 167
958 167
946 167
189 167
190 167
205 167
690 167
81 167
305 167
864 167
909 167
841 999
841 198
131 999
131 704
106 999
106 704
106 198
971 999
971 704
971 198
829 704
910 198
356 999
356 704
216 167
616 167
842 167
526 167
819 167
321 167
852 167
90 167
361 167
833 167
123 167
539 167
606 167
38 167
577 167
208 167
252 167
511 167
271 167
32 167
806 167
746 167
162 167
678 167
623 167
610 167
625 167
223 356
744 356
804 356
690 356
223 744
744 804
804 2
848 223
848 744
413 744
912 223
912 744
491 223
491 804
65 744
65 804
690 744
690 804
216 223
216 744
616 223
616 744
842 223
842 744
526 223
819 223
819 744
321 744
852 223
833 744
848 413
413 912
216 616
216 842
616 842
216 848
842 848
616 413
848 819
526 413
819 413
819 912
848 852
526 321
413 852
321 852
90 361
361 833
216 804
819 252
321 690
90 577
90 123
90 539
833 123
606 804
577 804
208 804
252 804
511 804
491 690
65 690
123 539
606 491
539 690
606 690
491 511
606 38
38 690
577 690
38 577
38 65
577 65
577 511
208 511
123 356
577 356
252 356
413 356
65 356
804 649
690 149
252 149
252 649
328 356
32 356
746 356
901 2
149 356
649 356
81 2
149 649
328 2
806 2
746 2
301 2
9 2
901 81
32 806
806 81
301 81
9 81
9 901
356 674
81 661
81 663
81 84
81 898
2 82
901 898
84 898
162 663
678 84
678 898
82 913
661 985
661 317
516 317
317 674
39 841
389 841
674 211
386 211
674 841
386 841
39 674
531 674
674 623
674 797
797 531
970 531
797 841
970 841
531 386
623 386
970 386
623 625
970 610
610 841
159 841
625 841
892 841
389 211
494 211
610 386
159 386
892 386
159 625
625 892
625 389
892 389
988 494
211 999
649 999
356 864
223 971
985 999
317 999
39 999
531 999
389 999
494 999
386 131
625 999
892 999
386 305
211 305
674 510
211 27
841 654
389 58
389 156
305 999
305 704
443 999
443 704
864 999
864 704
293 999
293 704
831 704
528 999
909 198
510 999
58 999
27 999
402 999
127 999
958 999
72 704
608 704
292 999
292 704
598 999
598 704
949 999
949 704
156 999
493 999
935 999
635 999
654 999
510 305
58 305
493 305
493 58
305 27
305 654
58 27
58 935
935 27
654 402
654 704
510 131
999 997
999 142
999 640
654 131
402 958
654 958
41 704
140 704
640 704
738 704
947 704
375 704
522 704
624 704
855 704
127 131
958 131
608 131
443 864
864 831
293 831
443 131
864 131
293 131
636 131
839 131
997 131
72 443
127 958
839 443
997 443
839 72
997 72
131 640
839 864
443 41
443 142
608 864
292 864
292 293
292 831
598 293
949 864
949 293
949 831
41 864
142 864
803 864
140 864
738 864
947 864
608 292
41 142
41 803
142 803
142 608
41 640
142 947
803 140
608 640
608 738
608 947
140 640
140 947
640 947
140 292
640 292
738 292
947 292
140 293
640 293
640 831
608 598
864 855
41 855
640 624
947 624
947 598
292 375
292 522
375 293
522 293
522 831
624 293
855 831
375 522
375 855
624 855
624 598
855 598
131 971
999 792
704 946
704 992
704 280
402 731
624 198
949 106
949 971
864 106
864 731
293 106
293 971
831 106
831 971
704 945
704 619
704 499
704 943
704 250
704 452
704 88
704 863
640 731
864 59
41 106
640 106
522 971
864 946
293 946
831 499
293 619
949 945
280 198
884 198
792 198
205 198
106 971
106 731
106 910
731 829
829 910
946 106
946 971
946 829
189 106
189 731
189 829
189 910
992 731
992 829
992 910
59 731
59 829
59 910
945 106
945 971
499 971
945 946
619 946
499 921
106 452
88 829
88 910
863 829
502 731
502 829
502 910
694 731
694 910
250 452
250 686
452 686
250 863
686 694
189 992
992 59
502 189
502 992
502 59
694 59
502 198
731 528
829 528
910 528
910 711
189 528
59 528
694 528
711 198
699 198
190 340
282 711
280 909
884 909
792 909
351 909
699 909
730 909
711 280
280 699
351 730
351 884
699 884
730 884
792 205
880 584
772 584
60 584
57 584
52 584
81 584
386 584
211 584
443 584
528 584
89 478
419 611
576 611
704 611
198 611
565 572
565 632
554 572
167 206
167 697
167 996
167 368
167 313
472 779
214 584
209 584
810 584
345 697
380 779
554 17
89 632
733 632
565 617
922 478
565 217
565 145
158 632
327 632
982 632
102 632
698 632
338 632
557 632
733 617
565 520
565 476
565 534
565 429
565 116
212 572
895 572
880 632
961 632
171 632
772 632
68 632
158 313
327 617
327 313
982 617
565 587
565 925
868 632
448 632
171 617
212 313
982 116
366 313
366 632
987 313
880 547
880 534
961 476
880 116
158 488
327 22
456 22
456 553
778 22
456 488
778 488
366 534
366 547
448 313
212 906
772 617
68 520
733 534
265 632
283 348
665 22
378 617
419 572
764 572
999 878
764 990
198 990
999 267
167 7
167 534
71 805
999 73
937 478
985 805
58 584
958 584
949 584
190 584
356 611
419 779
576 779
198 779
167 825
167 129
180 584
764 996
419 675
419 367
999 675
704 401
806 584
678 584
623 584
997 584
921 584
971 779
829 779
999 460
999 926
999 794
704 460
704 94
198 460
198 926
198 870
999 206
999 996
198 206
198 697
167 844
167 783
167 656
198 893
198 270
59 206
704 783
198 593
198 963
198 16
198 783
999 304
293 16
106 926
731 460
731 794
829 926
910 926
198 231
198 408
198 844
198 897
198 718
198 622
106 408
106 99
792 926
909 460
909 926
198 974
528 231
792 16
909 231
909 408
792 408
205 231
205 408
792 669
593 584
963 584
95 584
263 584
605 584
893 584
119 584
630 584
440 584
573 584
170 584
367 584
627 584
662 584
487 584
596 584
217 584
585 584
865 584
957 584
706 584
234 584
395 584
40 584
779 611
572 478
632 611
632 478
408 584
844 584
718 584
754 584
459 584
304 584
506 584
908 584
257 584
481 584
103 584
169 584
948 584
983 584
582 584
959 584
261 584
391 584
843 584
905 584
329 584
270 584
646 584
133 584
346 584
314 584
609 584
5 584
358 584
412 584
755 584
269 584
532 584
401 584
721 584
306 584
86 584
938 584
567 584
342 584
685 584
853 584
846 584
206 611
697 611
368 611
556 611
615 611
675 611
669 584
974 584
165 584
192 584
193 584
12 584
851 584
836 584
390 584
259 584
543 584
468 584
886 584
285 584
776 584
860 584
524 584
967 584
977 584
98 584
177 584
176 584
449 584
450 584
656 584
136 584
504 584
323 584
668 584
56 584
157 584
523 584
695 584
877 584
146 584
482 584
36 584
343 584
767 584
147 584
151 584
291 584
63 584
471 584
780 584
773 584
264 584
463 584
783 611
119 611
630 611
460 779
870 779
94 779
825 779
129 779
425 779
794 611
825 611
129 611
919 611
206 697
206 996
697 996
697 368
996 368
206 779
697 779
996 779
368 779
593 779
16 779
263 779
605 779
460 926
926 794
231 926
408 460
408 926
844 460
844 926
897 460
897 926
718 460
622 460
622 926
593 963
593 16
963 16
16 783
593 460
593 926
963 460
963 926
16 460
16 926
669 460
669 926
408 593
844 963
897 593
231 408
408 844
844 16
897 16
593 718
963 718
460 193
963 120
593 99
593 883
718 16
718 783
622 783
99 16
99 783
883 16
883 783
974 783
99 718
883 974
783 192
783 634
974 120
974 622
120 192
120 634
165 192
192 634
120 622
165 622
192 622
634 622
165 193
622 794
669 794
783 12
883 754
622 754
120 754
930 754
754 794
459 794
304 794
583 794
506 794
12 794
851 794
754 459
12 754
304 583
794 390
304 51
583 51
251 836
251 506
836 506
783 259
593 257
304 870
794 95
304 95
257 779
481 779
870 825
94 825
908 870
259 95
643 95
861 95
259 861
643 861
861 543
259 908
543 908
787 908
75 870
543 468
908 468
908 886
20 870
285 870
581 870
776 870
860 870
213 468
468 886
20 285
20 776
285 776
20 860
776 860
20 779
870 263
861 257
194 779
470 779
524 779
257 825
481 94
481 825
263 94
263 825
605 94
605 825
194 470
263 481
263 524
524 825
481 605
524 605
524 481
481 611
870 206
870 697
94 206
825 206
825 996
794 129
460 893
870 346
605 996
825 129
779 169
779 582
20 206
779 967
779 177
905 611
646 611
314 611
559 611
609 611
5 611
129 206
129 697
129 996
129 368
425 206
425 697
425 996
919 206
919 697
919 368
129 425
967 206
977 206
98 206
177 206
169 129
948 129
983 129
103 206
169 206
98 177
103 169
176 129
449 129
450 129
169 948
948 983
176 449
176 450
449 450
449 983
450 983
176 697
449 697
450 697
450 996
169 425
103 697
169 697
948 697
983 697
449 425
129 656
656 697
656 996
136 697
136 996
504 697
504 996
323 996
668 996
157 697
523 996
695 996
582 425
261 425
582 697
582 996
959 996
391 996
656 425
136 425
504 425
136 504
136 582
504 582
323 668
959 391
959 843
261 391
261 843
391 843
56 157
56 523
157 523
157 959
523 959
56 877
523 843
695 261
695 391
695 843
877 261
877 391
877 843
206 893
129 329
843 780
582 368
261 368
843 368
425 893
697 905
261 893
391 893
843 893
56 893
695 893
877 893
695 146
261 146
843 146
291 611
471 611
773 611
264 611
463 611
119 368
343 368
147 368
151 368
270 919
646 919
133 919
346 919
270 368
646 368
133 368
346 368
905 893
146 893
482 893
905 36
36 329
343 919
146 646
147 919
151 919
270 646
270 133
270 346
646 133
646 346
133 346
147 270
147 133
151 133
151 346
919 119
919 630
368 291
368 773
368 314
368 609
346 559
646 630
133 630
346 630
919 264
119 630
314 119
314 630
291 119
63 119
471 119
471 630
780 119
780 630
63 471
63 780
471 780
780 314
630 463
291 463
264 559
264 609
559 609
996 556
611 440
611 573
611 170
611 367
611 17
611 691
611 707
611 655
584 34
584 154
584 881
584 309
584 693
584 969
584 47
584 417
584 911
584 517
584 249
584 414
584 541
584 14
584 29
584 653
584 266
779 440
779 86
543 675
611 358
611 412
611 755
611 269
611 532
611 401
129 170
270 17
119 556
611 34
611 382
611 154
611 652
611 664
919 440
919 154
5 412
556 615
556 675
615 675
17 556
17 615
691 615
440 556
573 556
850 556
440 573
358 412
358 755
412 755
34 382
34 412
154 412
154 755
358 440
269 440
269 573
532 440
532 573
440 881
881 573
269 532
881 269
881 532
532 556
440 850
573 850
652 850
309 556
693 556
664 556
969 556
47 556
417 556
401 556
401 850
309 850
693 850
309 693
693 664
309 401
693 401
664 969
969 401
556 627
532 615
573 367
573 17
203 615
170 615
388 615
367 615
627 615
662 615
487 615
740 615
541 615
220 615
232 17
721 17
306 17
86 691
306 615
86 615
203 388
203 627
170 388
388 627
367 627
203 17
203 691
170 17
170 691
388 17
388 691
367 17
367 691
627 17
627 691
232 203
721 203
800 203
920 203
46 645
46 800
645 800
800 232
920 232
203 80
203 563
203 696
920 563
920 696
232 563
517 563
517 696
563 696
517 721
696 721
721 249
800 17
920 17
517 17
563 17
696 17
249 17
249 691
232 388
721 388
232 86
517 388
249 170
721 414
249 740
740 17
414 17
414 691
541 17
541 691
220 691
306 170
306 388
306 367
86 388
86 367
86 627
740 170
740 388
414 170
414 388
541 170
541 388
740 414
306 414
306 541
414 541
541 367
306 220
220 367
220 627
220 86
627 662
627 707
691 938
691 195
691 501
17 662
691 662
691 325
615 505
615 938
615 501
388 938
627 938
627 771
86 938
86 195
501 707
771 707
567 707
662 487
487 761
325 761
662 707
487 707
325 707
761 707
938 662
195 662
501 662
714 662
938 195
938 501
195 501
714 195
714 501
501 771
662 454
938 454
454 505
505 707
195 487
771 487
14 707
29 707
741 707
567 325
567 761
29 741
14 761
29 761
741 761
653 325
835 325
653 567
615 655
627 515
388 675
707 218
615 342
501 675
771 655
487 770
325 978
707 770
195 342
501 907
487 853
741 655
567 770
567 978
487 30
325 30
325 342
325 932
567 30
325 592
835 342
218 675
515 675
30 655
342 655
932 655
685 655
97 655
853 655
770 978
770 655
978 655
981 655
30 770
30 978
342 770
932 978
685 770
30 342
30 932
592 30
802 30
592 932
802 932
932 685
981 770
981 685
770 97
978 97
655 650
770 13
978 650
981 650
685 13
685 650
13 650
13 97
354 853
97 675
932 168
853 846
230 675
168 675
480 675
128 675
680 675
421 675
657 675
245 675
846 675
307 675
307 596
846 230
230 128
168 596
480 596
128 596
680 596
128 307
680 307
307 421
245 218
421 657
675 571
218 274
675 274
675 705
675 237
218 266
218 574
739 515
202 739
571 960
571 739
960 739
266 574
266 274
574 274
274 571
705 571
705 237
705 74
25 739
237 960
202 571
202 960
74 571
74 960
74 237
202 25
960 515
262 515
965 515
139 515
138 537
138 85
85 262
85 742
262 742
995 85
995 262
995 742
85 745
262 745
742 745
85 175
262 965
48 515
175 515
604 515
965 48
48 175
48 604
675 478
611 805
584 100
584 827
584 70
584 400
584 749
611 23
611 197
584 929
584 370
584 153
584 50
779 350
133 267
147 585
870 572
584 782
571 572
675 990
675 805
86 478
675 955
739 990
515 990
675 23
675 37
218 644
853 990
218 568
675 347
218 768
853 37
907 384
745 990
139 990
515 23
202 644
515 763
48 990
175 990
742 644
262 990
965 990
139 568
139 23
515 100
515 161
515 281
515 568
48 23
175 23
604 23
139 100
604 100
990 478
805 478
267 478
617 478
572 632
568 478
117 478
585 478
73 478
706 478
395 478
113 478
723 478
197 478
586 478
955 478
805 267
23 990
23 805
644 990
644 805
602 805
37 990
37 805
878 805
723 990
723 805
568 990
117 990
585 990
23 644
319 990
64 990
942 990
377 990
100 23
161 644
281 644
347 644
433 644
161 990
281 990
347 990
433 990
568 23
64 23
100 568
100 319
64 942
319 644
942 644
100 347
319 281
319 347
942 281
49 644
161 281
161 347
161 433
281 347
281 433
347 433
161 49
49 347
49 433
49 535
377 535
644 143
23 117
990 732
644 405
377 394
377 763
535 732
117 217
117 865
217 585
217 865
585 865
394 732
394 763
732 763
394 143
763 143
763 457
143 457
143 789
457 789
929 585
712 117
712 217
712 585
712 865
540 117
768 540
540 712
768 865
540 217
540 585
117 405
247 217
405 217
405 865
989 217
247 405
585 805
535 805
585 723
989 805
789 602
712 805
217 957
585 957
217 602
217 37
585 830
405 602
989 602
712 957
217 384
585 808
405 411
405 808
247 957
585 603
957 805
602 878
514 805
734 805
483 805
438 602
438 37
215 602
790 602
790 878
227 37
384 602
384 37
384 878
808 602
808 37
87 37
164 37
509 602
509 37
509 878
438 805
215 805
790 805
227 805
384 805
808 805
87 805
164 805
957 602
411 602
438 957
384 957
603 957
603 438
438 790
438 227
438 384
438 411
215 790
215 384
790 227
790 384
227 384
227 808
384 808
411 215
411 790
411 227
411 384
602 483
227 87
514 37
734 37
45 37
45 878
813 37
813 878
830 878
87 164
514 87
734 164
734 509
45 722
45 509
483 509
722 509
509 813
509 830
813 830
878 962
878 879
805 290
805 0
805 431
805 827
878 953
37 370
37 924
878 0
813 962
885 723
879 723
827 723
73 723
706 723
290 370
290 648
370 648
290 962
370 962
648 0
962 924
431 924
953 723
124 723
130 723
353 723
879 73
879 706
827 73
827 706
817 953
597 885
817 706
953 130
238 879
597 879
124 73
124 706
130 73
130 706
353 73
353 706
879 827
879 353
124 130
124 353
130 353
124 827
130 827
353 827
227 478
723 267
805 197
73 267
706 267
37 197
723 197
723 586
164 197
808 586
130 267
353 267
827 197
73 197
73 586
706 197
723 332
723 529
723 234
73 529
130 197
353 197
706 332
723 372
455 478
334 478
400 478
78 478
67 478
350 478
197 267
586 267
955 267
234 267
197 586
372 267
891 267
332 197
595 586
332 267
234 586
372 197
891 197
427 197
427 586
332 891
595 234
620 234
620 595
595 529
234 673
673 529
529 613
529 756
613 756
234 955
267 334
409 395
455 955
145 955
70 955
395 955
153 955
297 955
736 955
153 297
153 736
297 395
736 395
955 50
955 544
395 50
736 145
455 50
50 544
50 145
70 334
812 70
812 334
145 113
334 633
334 318
334 527
318 478
979 478
224 478
545 478
923 478
107 478
420 478
135 478
43 478
260 478
769 478
400 113
320 113
320 400
224 78
923 420
43 260
43 769
260 769
43 350
260 350
769 350
267 617
805 572
267 632
478 40
478 233
478 753
478 530
478 429
478 821
478 986
478 702
478 444
478 749
478 172
478 6
478 760
478 775
478 174
478 927
478 915
113 233
350 821
43 429
43 821
260 821
769 821
429 572
821 572
497 572
986 632
116 632
617 313
617 572
617 632
313 632
40 572
753 572
33 572
621 572
7 572
429 821
702 429
702 821
444 429
40 233
40 429
40 821
233 429
753 821
54 429
702 40
28 54
54 233
54 444
444 233
749 233
749 753
775 444
941 749
927 753
174 927
429 33
702 33
702 172
927 530
753 904
927 172
530 33
172 530
172 33
647 530
647 33
6 530
6 33
904 530
474 530
915 530
904 172
474 915
474 647
915 647
474 33
915 33
647 6
530 580
530 152
915 580
474 6
580 33
580 6
580 152
33 83
751 818
83 289
83 760
289 760
315 83
315 289
289 572
54 572
33 902
289 621
902 572
500 572
451 572
781 572
503 572
121 572
765 572
993 572
889 572
141 572
221 572
902 497
451 497
781 497
621 7
621 497
902 7
500 621
500 7
503 621
621 765
121 7
765 7
121 500
765 781
993 497
221 497
451 781
993 451
993 781
572 44
572 550
572 35
497 550
44 550
40 632
572 520
572 553
927 632
572 917
572 536
476 632
894 632
547 632
22 632
534 632
553 632
116 617
116 313
268 302
302 569
302 784
348 986
355 986
569 348
784 348
871 348
569 784
569 871
784 871
569 355
424 986
76 986
403 986
403 355
76 403
355 617
875 313
486 632
986 520
439 632
672 632
601 632
748 632
587 632
488 632
520 617
476 617
476 313
894 617
894 313
547 617
547 313
534 617
534 313
553 313
826 617
183 617
638 617
393 617
508 617
869 617
439 617
826 520
183 520
888 520
826 888
183 888
520 229
520 536
183 229
183 903
888 229
229 903
638 903
638 917
917 536
536 393
536 508
393 508
888 632
439 313
617 11
617 601
617 748
617 488
872 313
436 313
11 632
872 632
426 632
684 632
906 632
379 632
672 116
601 116
748 116
925 116
672 313
601 313
748 313
925 313
488 313
476 894
547 22
547 553
22 534
22 553
534 553
476 116
894 116
547 116
22 116
534 116
553 116
672 476
672 894
11 476
11 894
11 672
476 872
672 547
476 601
476 436
672 925
426 116
436 116
684 116
906 116
601 547
601 534
748 547
748 534
587 22
587 534
925 547
925 22
925 534
925 553
488 22
488 534
488 553
426 547
684 547
906 547
601 748
426 436
436 684
426 906
426 601
426 748
436 748
906 601
906 748
906 534
601 925
601 488
748 925
436 925
684 925
748 379
379 534
814 22
814 534
587 925
587 488
925 488
379 814
379 587
379 925
814 587
814 925
