1000 3495

345 584
380 584
786 584
378 584
801 584
356 584
206 584
697 584
996 584
368 584
556 584
615 584
675 584
805 584
313 584
733 584
472 584
419 584
764 584
999 584
704 584
198 584
779 584
572 584
632 584
611 167
478 167
565 584
611 584
478 584
167 584
89 167
733 167
472 167
419 167
764 167
576 167
999 167
704 167
198 167
565 554
733 554
472 554
158 565
327 565
102 565
698 565
338 565
283 733
551 733
89 733
880 565
961 565
171 565
212 565
279 565
298 565
642 565
344 565
772 565
599 565
564 565
922 565
68 565
456 565
823 565
485 565
895 565
101 565
448 565
976 565
880 158
880 327
880 982
961 327
961 982
171 327
171 982
158 327
158 982
327 982
456 158
987 158
778 456
469 456
778 469
709 158
456 327
987 327
987 982
158 823
158 866
709 670
366 880
709 880
709 327
987 823
987 880
987 961
823 327
880 961
880 171
961 171
777 880
777 961
777 982
823 880
823 961
777 171
823 171
327 333
777 333
333 171
866 171
670 171
866 18
670 18
778 565
327 212
982 212
158 210
982 448
880 976
880 188
961 868
823 895
961 614
670 212
171 868
670 681
188 565
614 565
239 565
299 565
214 565
188 212
899 212
210 212
681 212
868 212
188 868
899 868
868 681
188 210
899 681
210 681
212 614
212 895
868 445
681 895
303 895
485 895
445 614
239 485
868 299
895 101
239 101
299 279
101 299
279 448
279 976
101 115
115 976
565 991
961 396
171 345
565 854
565 820
279 599
212 68
448 922
212 179
565 396
279 396
115 298
976 298
976 396
642 179
344 179
772 179
298 642
396 298
811 642
991 642
991 179
396 772
811 179
344 772
335 772
335 179
642 345
772 345
179 599
179 564
179 922
772 599
772 181
772 498
179 498
19 345
24 345
564 102
564 698
922 102
68 102
68 698
599 345
922 345
102 698
191 345
181 345
331 345
552 345
939 345
599 564
498 599
19 599
410 19
410 191
599 513
410 331
331 564
939 564
181 331
181 552
181 939
331 552
331 939
552 939
564 922
564 68
345 42
345 757
345 788
564 406
564 42
564 757
564 788
564 854
564 24
552 854
939 854
24 102
24 698
406 102
406 698
922 68
42 922
854 922
798 922
934 922
24 922
42 757
42 854
757 788
854 798
42 24
798 399
399 24
934 24
399 934
934 698
42 406
24 820
934 820
820 68
77 68
77 102
77 698
406 68
77 406
158 89
327 89
179 733
698 733
565 447
333 283
670 89
868 89
212 473
299 671
564 733
335 89
798 89
19 733
102 628
698 628
42 519
345 665
345 338
772 551
564 376
564 283
77 551
599 235
102 665
698 665
564 265
698 980
698 265
42 665
788 665
68 867
698 867
698 296
338 89
338 733
557 89
519 89
519 733
525 89
525 733
283 551
665 551
338 551
376 283
376 551
557 551
26 665
867 265
867 26
373 665
447 665
665 338
26 338
26 376
26 557
676 376
980 338
980 376
144 283
144 551
940 551
235 338
235 376
235 283
235 551
338 376
376 557
338 713
376 144
557 940
557 720
199 551
512 551
720 551
658 551
743 283
383 283
61 283
61 551
972 283
984 283
144 940
199 144
199 940
512 940
199 512
940 972
658 743
61 972
61 984
551 519
665 461
980 733
199 733
61 733
376 473
283 118
283 246
551 246
551 357
940 887
283 477
551 671
283 111
283 461
283 628
551 111
551 461
235 111
235 628
283 365
199 628
512 461
940 111
61 111
972 461
984 111
984 461
61 365
111 733
461 89
628 89
246 89
246 733
473 89
473 733
111 461
365 111
365 461
671 111
671 461
671 628
365 671
111 93
461 93
428 519
477 519
651 519
93 519
951 733
671 733
477 89
651 733
519 246
519 525
519 118
519 490
519 69
428 316
519 357
519 666
477 357
477 666
357 733
666 733
735 733
397 89
397 733
69 89
682 89
887 89
887 733
716 89
774 89
774 733
160 89
310 89
750 89
273 89
316 89
316 733
118 733
490 733
832 89
832 733
246 525
473 525
357 666
246 735
246 397
246 316
525 735
525 397
735 397
397 316
525 682
525 774
316 832
735 310
735 118
397 118
118 490
118 69
69 490
887 490
69 682
69 887
490 473
118 774
682 716
69 750
774 473
310 473
716 310
774 310
160 750
273 832
557 554
89 786
565 591
565 378
158 472
698 472
698 591
565 288
565 242
212 312
788 442
565 724
788 554
345 276
750 554
525 828
283 322
89 591
551 890
283 816
235 472
283 679
519 786
525 380
525 786
316 472
473 380
89 475
525 442
461 890
89 432
733 126
89 809
89 392
733 809
89 890
733 360
525 890
310 360
832 890
273 890
548 554
380 472
786 472
378 472
380 554
786 554
378 554
380 786
639 795
639 966
795 966
639 360
618 360
618 392
618 398
392 479
392 398
479 562
479 796
398 562
392 689
562 689
689 796
200 591
207 591
207 200
591 824
591 607
209 824
607 816
392 380
207 242
3 105
3 422
3 475
105 475
92 701
284 92
944 92
944 701
92 954
791 954
228 954
701 380
422 380
807 472
288 472
677 472
859 472
679 472
148 472
496 472
62 472
442 380
862 786
862 472
288 786
442 677
288 242
288 859
677 380
859 380
859 786
679 786
148 380
148 786
496 380
62 380
62 786
242 677
242 859
677 859
242 862
148 862
148 62
200 554
380 378
786 378
472 548
591 378
562 339
380 933
442 554
472 276
729 724
92 900
786 453
786 828
380 381
862 918
288 554
380 258
380 507
380 484
786 258
786 507
380 464
380 276
786 464
786 276
472 793
472 178
472 371
472 465
472 845
472 258
242 155
380 178
380 371
380 900
786 178
786 371
148 464
496 464
464 554
276 554
155 554
918 554
828 554
132 554
507 554
484 554
724 554
453 554
371 554
900 554
845 554
507 378
484 378
464 276
793 464
178 464
178 258
258 276
258 241
241 276
371 276
507 276
241 507
793 378
241 378
371 378
276 155
464 484
936 378
465 378
936 724
845 155
484 155
724 155
554 381
554 837
554 876
554 322
554 53
554 300
378 300
724 453
484 896
155 918
155 828
378 837
936 918
724 248
484 828
484 918
155 381
155 837
484 837
845 381
918 548
918 828
876 918
322 918
837 876
876 322
322 828
918 248
876 248
248 828
53 248
453 548
453 759
759 300
554 369
464 132
276 533
484 849
828 134
837 134
248 933
548 600
236 132
489 441
626 815
626 600
600 815
600 132
441 132
337 132
594 110
110 441
369 339
752 873
752 914
873 430
752 430
430 747
914 339
747 369
849 339
849 858
858 546
933 546
849 369
546 369
201 134
810 134
201 810
134 533
810 533
551 167
786 167
378 167
554 419
554 764
554 576
554 999
554 198
283 419
89 576
733 419
376 764
564 419
158 801
191 419
525 60
158 916
283 434
89 766
733 762
733 416
89 434
102 278
735 112
310 728
513 434
564 167
628 167
179 167
565 356
976 167
428 167
519 999
665 198
461 198
345 131
733 690
376 901
158 958
987 149
895 494
591 167
378 999
548 999
339 999
554 81
824 167
828 198
786 804
786 443
862 910
786 654
786 686
464 624
380 419
786 576
378 576
554 590
554 437
380 122
472 415
472 725
862 588
786 575
472 435
442 916
554 150
369 255
371 801
489 801
815 708
548 419
554 219
155 437
155 766
554 560
322 764
554 549
155 589
155 882
914 764
873 710
873 834
533 122
255 167
356 167
255 764
801 419
801 576
419 764
419 576
764 576
590 419
437 419
437 764
71 419
226 419
226 764
950 764
219 590
416 521
542 521
416 834
416 590
416 434
416 219
834 219
834 683
1 590
612 590
122 590
434 590
222 590
1 122
185 612
185 434
612 122
122 434
185 683
612 683
588 122
588 434
588 219
122 222
434 222
122 219
434 219
588 222
222 219
219 437
590 112
122 561
222 60
219 55
590 311
112 437
561 437
311 336
566 703
336 856
311 55
55 204
55 114
109 114
109 703
703 114
566 437
114 437
336 437
55 60
109 60
114 60
856 467
703 112
114 362
703 91
112 561
112 60
561 60
240 112
240 561
466 112
466 561
362 112
362 561
91 710
688 240
688 362
240 466
466 60
362 60
112 182
561 182
561 415
561 467
182 60
324 60
415 60
467 60
415 437
182 324
182 415
324 415
182 467
521 764
219 419
561 419
561 764
60 764
416 419
590 71
122 226
590 31
590 518
219 166
542 137
204 764
703 764
415 764
437 108
362 419
112 226
561 71
437 589
437 71
703 423
758 226
437 423
91 71
112 423
561 423
415 589
437 725
589 419
589 764
272 419
882 419
225 419
256 419
822 419
462 419
423 419
446 419
21 419
31 419
589 71
71 226
446 71
725 589
874 71
589 446
423 446
423 272
272 446
423 226
71 31
71 518
589 21
589 518
874 21
272 226
423 31
446 518
71 882
446 225
21 226
31 226
518 226
225 226
256 226
275 226
21 31
21 518
31 518
882 21
882 31
225 21
225 31
256 21
256 31
225 518
256 518
31 275
275 822
226 462
272 764
225 764
21 764
31 764
518 764
589 950
419 717
419 549
419 762
419 137
419 560
71 560
256 549
462 717
458 764
717 764
838 764
330 764
549 764
762 764
294 764
166 764
349 764
560 764
660 764
8 764
717 838
458 330
717 549
717 762
838 549
330 560
762 560
330 549
330 762
549 762
166 8
349 8
8 196
196 950
558 950
700 950
108 950
196 700
558 700
419 187
419 847
764 187
764 847
561 576
437 801
122 801
561 255
566 187
71 150
419 173
272 57
108 575
950 255
764 975
226 847
419 385
419 163
419 973
518 801
108 576
166 801
950 737
660 728
560 255
950 187
950 847
764 104
764 385
764 4
762 255
660 726
950 278
349 847
108 847
700 4
108 255
950 726
108 435
950 104
950 570
108 726
187 576
847 576
916 576
728 576
975 576
187 255
187 801
847 255
187 847
570 255
341 255
287 255
708 255
385 255
641 255
435 255
104 570
570 341
341 187
799 187
726 287
341 708
799 287
799 708
287 187
708 187
385 187
641 187
435 187
287 385
385 641
255 163
341 847
187 15
385 278
385 15
287 847
708 847
641 847
435 847
187 956
928 847
956 847
4 847
387 847
163 387
847 492
956 278
492 278
15 492
435 576
956 576
15 576
278 801
278 576
726 538
708 286
492 801
579 576
555 576
253 576
538 576
840 576
937 576
363 801
737 801
737 576
728 801
975 801
857 801
579 801
785 801
785 363
801 840
687 975
785 728
363 728
363 254
728 975
66 728
66 975
254 728
254 975
998 728
998 975
737 728
737 975
66 998
254 998
254 737
998 737
728 555
728 937
286 555
253 538
253 840
538 840
840 937
801 916
576 57
576 150
576 52
255 575
576 578
728 916
975 916
801 57
576 575
576 326
728 57
975 57
737 57
555 150
840 57
253 916
840 916
937 916
286 575
538 575
57 916
575 916
57 150
150 186
150 578
575 364
186 244
186 964
244 964
10 578
364 52
521 167
112 167
561 167
728 167
150 167
52 167
226 167
950 167
187 167
916 167
801 704
419 999
576 999
21 167
31 167
419 744
856 167
762 167
196 167
700 167
764 211
419 39
226 526
590 511
182 321
109 82
764 910
112 704
683 502
272 711
576 305
916 293
255 510
785 831
857 945
278 167
363 167
737 167
576 744
576 2
555 167
255 223
576 81
975 223
576 32
418 356
975 149
687 65
576 386
187 898
255 162
975 985
52 82
57 797
52 913
968 167
244 167
692 167
364 167
180 167
916 413
968 744
150 216
57 819
150 912
10 356
52 271
186 744
10 912
180 223
52 842
180 616
173 616
173 842
690 167
81 167
211 167
528 167
909 167
223 167
744 167
804 167
2 167
841 167
131 167
829 167
999 704
704 198
848 167
413 167
912 167
491 167
149 167
649 167
901 167
663 167
84 167
898 167
389 167
216 167
842 167
819 167
526 167
321 167
852 167
833 167
90 167
361 167
123 167
539 167
606 167
38 167
208 167
511 167
252 167
328 167
271 167
806 167
746 167
301 167
744 356
804 356
2 356
690 804
223 744
744 804
848 223
848 744
413 223
413 744
912 223
912 744
216 223
616 223
842 744
819 223
819 744
848 413
413 912
216 616
216 842
616 842
848 819
819 912
526 413
223 361
744 321
413 321
413 852
526 321
526 852
321 852
833 361
223 65
744 65
413 539
852 65
321 577
90 123
361 123
491 804
65 804
606 690
491 690
38 690
577 690
38 804
208 804
252 804
38 65
577 65
65 511
65 252
616 356
744 649
223 271
539 356
252 356
804 149
804 649
65 649
577 328
511 649
252 649
149 356
81 2
81 356
328 356
149 649
356 32
356 806
356 746
32 2
806 2
32 806
746 81
2 301
2 9
301 81
9 81
901 81
9 901
167 162
167 82
167 970
167 625
223 317
744 162
208 663
690 841
804 674
842 674
65 892
356 663
2 82
81 663
9 663
663 898
84 898
82 661
913 985
661 516
516 317
663 674
663 797
985 159
913 892
516 39
674 841
386 841
211 841
39 674
39 531
674 623
674 797
674 531
39 797
623 531
623 970
970 531
39 841
531 841
531 211
623 494
970 386
623 841
970 841
531 386
970 610
389 841
610 386
610 841
159 841
892 841
625 841
159 892
625 211
386 389
159 389
625 389
988 211
494 211
223 999
744 198
2 999
841 999
841 198
167 402
167 292
167 992
167 59
167 205
167 493
167 636
746 999
65 704
649 999
356 636
223 935
167 351
616 731
674 198
841 731
663 106
317 106
494 106
317 829
674 999
661 999
985 999
82 131
913 292
663 443
841 131
625 999
841 305
841 493
494 305
131 704
131 198
106 704
106 198
971 999
971 704
971 198
731 999
731 704
731 198
829 999
829 704
910 999
910 704
305 999
443 999
443 704
864 999
864 704
293 704
831 999
831 704
935 999
635 999
654 999
58 999
27 999
402 999
156 510
493 305
510 58
510 305
493 510
305 402
510 27
58 935
935 27
654 402
493 704
999 997
999 375
999 958
305 636
305 864
58 608
654 864
635 375
402 131
402 958
654 958
41 704
140 704
640 704
738 704
624 704
855 704
375 704
522 704
608 704
292 704
949 704
864 131
958 131
72 131
636 131
127 72
131 839
839 443
997 443
72 443
997 72
443 864
131 142
127 624
839 864
997 864
72 864
443 738
997 292
72 640
72 142
997 803
864 293
864 831
293 831
41 864
142 864
803 864
608 864
292 864
41 142
608 640
140 292
640 292
947 292
140 640
140 738
140 947
640 947
738 947
142 831
292 949
608 293
292 293
140 598
292 624
855 293
855 831
375 293
949 293
949 831
624 598
855 598
375 522
855 949
375 949
999 250
402 106
999 190
704 190
958 205
864 280
131 351
864 971
293 106
293 971
831 106
831 971
831 910
131 971
704 921
704 250
704 686
704 946
704 189
958 189
292 829
292 106
598 106
598 971
949 106
949 971
140 106
738 971
41 946
624 106
522 106
522 971
831 619
831 946
106 971
106 731
106 829
971 731
731 829
731 910
829 910
946 106
946 971
945 106
106 921
971 499
946 404
631 499
106 59
945 829
943 863
189 731
189 829
189 910
992 731
992 829
992 910
59 731
59 829
59 910
250 452
250 686
452 686
452 88
452 863
863 88
250 731
250 829
686 829
863 731
863 829
88 731
88 829
88 189
502 731
502 829
694 910
694 59
921 198
971 528
731 528
829 528
910 528
829 884
910 884
910 730
452 528
686 528
992 190
502 528
189 528
59 528
282 198
711 198
351 198
730 198
190 198
340 198
884 198
792 198
205 198
351 909
730 909
280 884
884 909
711 280
711 884
280 351
730 884
699 351
351 730
909 205
792 205
158 584
327 584
338 584
548 584
71 584
950 584
2 584
131 584
106 584
971 584
731 584
565 611
167 779
880 584
298 584
772 584
68 584
628 584
422 584
895 584
980 584
479 584
92 584
378 779
733 779
554 919
565 655
565 368
519 779
345 675
89 218
102 368
380 926
89 593
554 232
554 685
565 742
628 996
200 675
179 870
380 893
472 354
554 881
772 325
276 770
665 583
339 30
944 963
918 165
200 266
565 572
565 632
283 478
565 267
461 478
335 478
642 37
666 805
171 117
551 830
246 370
89 617
733 617
733 313
89 572
327 572
102 33
798 429
158 632
327 632
982 632
345 313
565 476
565 894
565 569
327 313
823 617
880 638
777 632
456 632
158 894
327 534
327 553
982 22
456 476
456 488
456 22
456 534
456 553
778 488
469 488
709 534
987 488
158 814
987 906
880 22
961 534
327 748
823 379
823 894
188 632
303 632
485 313
976 313
212 116
212 313
239 476
868 488
868 617
212 617
565 826
410 632
298 617
68 617
376 632
628 632
283 986
89 520
338 355
551 925
551 547
519 488
658 534
111 572
265 429
380 632
591 632
554 547
155 572
591 313
155 302
380 550
228 302
337 478
554 0
198 478
167 990
167 313
590 478
910 478
764 632
576 632
198 632
167 602
167 497
211 478
167 172
419 753
419 22
187 113
187 22
916 497
419 734
576 748
493 617
328 395
898 217
81 736
52 393
744 224
82 436
589 584
52 584
674 584
386 584
211 584
305 584
443 584
864 584
293 584
831 584
528 584
909 584
198 611
167 206
167 996
336 584
725 584
108 584
928 584
253 584
122 584
566 584
575 584
576 996
576 794
419 425
764 783
561 794
187 919
847 919
764 323
764 314
762 94
387 425
8 559
589 948
576 881
975 571
112 517
968 755
999 675
198 615
167 655
167 853
999 662
167 714
690 675
198 920
305 203
356 220
901 596
852 584
301 584
41 584
738 584
711 584
351 584
663 584
661 584
292 584
946 584
792 584
198 779
167 95
167 263
167 94
167 408
167 908
167 974
167 776
804 825
674 95
84 783
167 582
744 646
149 391
361 646
704 129
910 368
198 893
864 206
910 630
198 177
704 291
106 646
999 870
999 94
704 926
704 794
198 926
198 794
198 825
131 16
704 883
704 12
704 408
608 16
864 779
921 779
280 779
792 825
909 213
198 963
198 16
198 783
731 16
910 16
731 460
829 926
731 408
910 844
499 460
992 897
198 754
198 304
909 390
730 459
198 669
198 974
198 634
198 231
198 408
198 844
198 622
884 926
792 926
205 926
699 926
909 844
351 408
205 408
926 584
794 584
870 584
94 584
825 584
129 584
425 584
919 584
691 584
707 584
655 584
218 584
739 584
23 584
644 584
37 584
723 584
197 584
586 584
955 584
986 584
611 478
593 584
963 584
16 584
95 584
263 584
893 584
119 584
630 584
440 584
850 584
203 584
388 584
627 584
662 584
761 584
770 584
978 584
974 584
634 584
851 584
75 584
643 584
886 584
468 584
776 584
524 584
967 584
176 584
450 584
656 584
504 584
668 584
56 584
157 584
523 584
695 584
877 584
146 584
482 584
36 584
343 584
767 584
147 584
151 584
291 584
63 584
471 584
780 584
773 584
463 584
264 584
506 584
257 584
103 584
169 584
948 584
582 584
959 584
261 584
391 584
843 584
905 584
329 584
133 584
346 584
314 584
559 584
94 611
425 611
206 779
996 779
996 611
368 611
870 779
94 779
825 779
593 460
963 460
16 926
16 460
926 460
231 926
231 460
408 926
844 926
844 460
897 926
593 963
669 926
231 408
669 844
669 460
844 897
897 593
593 16
593 783
460 718
460 622
926 974
963 622
460 165
897 16
897 783
593 883
460 99
16 783
99 16
883 16
883 783
974 783
718 16
99 883
883 718
974 718
783 120
783 165
783 622
974 622
718 120
883 634
120 622
192 622
634 622
120 634
192 634
192 165
634 165
622 930
460 794
460 304
593 754
622 506
16 836
783 459
192 12
930 754
193 754
754 794
459 794
304 794
583 794
754 459
12 459
851 794
304 583
851 583
754 506
851 506
836 506
836 251
836 390
963 581
883 779
304 825
794 481
390 825
794 95
304 908
304 95
754 468
506 886
51 787
95 779
263 779
605 779
75 95
259 95
643 95
861 95
543 95
908 95
643 861
861 787
643 543
543 908
787 908
543 787
908 870
908 20
908 886
213 468
886 870
468 870
20 870
581 870
20 776
285 581
776 860
870 605
20 825
776 825
860 257
524 779
257 779
481 779
263 825
605 94
605 825
94 825
257 194
194 470
931 263
263 605
263 481
481 94
481 825
524 94
524 825
481 605
524 481
779 425
783 129
897 668
192 611
460 630
754 919
120 270
94 368
779 133
94 206
94 996
643 206
95 177
257 996
779 959
605 206
779 977
779 98
779 177
779 449
779 103
779 169
524 967
94 177
119 611
630 611
697 996
996 368
129 206
129 697
129 996
425 697
425 996
103 206
169 206
967 206
977 206
98 206
177 206
98 177
177 103
103 129
206 450
103 169
177 169
948 129
983 129
948 983
176 129
449 129
176 983
449 983
176 450
449 450
948 697
983 697
129 425
177 697
177 996
450 843
450 697
983 425
948 582
129 656
129 136
582 697
582 996
959 996
656 697
656 996
136 697
136 996
504 697
504 996
582 425
656 425
136 425
504 425
425 323
504 582
697 668
996 157
323 959
323 668
959 391
261 391
261 843
391 843
56 959
56 157
56 523
157 877
695 261
695 391
877 391
877 843
959 611
206 919
967 919
983 482
996 559
697 329
697 133
425 329
697 482
996 36
323 482
56 329
695 893
261 893
391 893
843 893
157 905
695 905
261 146
261 482
843 146
695 146
646 611
346 611
559 611
609 611
5 611
919 368
646 368
133 368
346 368
146 893
482 893
905 329
893 343
893 329
36 329
36 343
329 919
893 133
147 368
151 368
270 919
646 919
133 919
767 919
767 346
147 919
151 919
270 646
270 133
133 346
147 270
151 346
767 611
919 119
919 630
368 119
368 291
368 63
151 773
646 630
291 611
264 611
119 630
780 630
314 630
63 314
63 780
471 780
119 463
630 463
314 264
773 463
463 264
559 609
609 5
779 675
611 556
584 881
584 309
584 969
584 417
584 645
584 800
584 740
584 414
584 541
584 714
584 14
584 741
584 653
584 650
584 168
584 128
584 995
584 358
584 412
584 755
584 401
584 232
584 195
584 771
584 30
584 932
584 202
584 85
779 850
593 556
779 911
926 532
257 170
779 175
165 932
836 74
996 655
611 97
611 981
611 657
368 556
368 615
611 440
611 573
611 850
611 170
611 388
206 17
697 707
206 388
103 17
609 306
611 358
611 412
611 755
611 269
611 532
611 401
919 412
611 47
5 309
611 382
611 34
611 154
119 412
609 358
559 652
358 412
412 755
34 412
34 755
34 154
154 412
154 755
652 573
440 573
440 269
440 532
881 573
269 532
269 573
532 573
881 532
652 693
881 556
440 850
440 664
440 401
532 401
269 850
573 309
573 969
401 556
850 556
693 556
664 556
969 556
309 850
693 850
401 850
309 693
309 401
664 969
556 417
440 203
440 170
440 367
556 771
556 487
556 325
556 388
850 203
556 800
295 306
295 249
17 615
691 615
707 615
306 615
86 615
203 17
170 17
388 17
367 691
627 691
170 615
367 615
627 615
920 203
232 203
46 645
46 800
645 800
920 232
232 721
203 517
203 696
203 249
800 721
800 696
232 563
232 80
920 563
80 721
696 721
46 615
80 615
249 615
203 388
800 388
800 17
232 388
920 740
696 691
249 170
80 17
249 17
721 170
721 388
740 615
414 615
541 615
220 615
306 17
306 691
86 691
170 388
170 367
367 627
740 170
740 388
414 388
541 170
541 388
740 17
414 17
306 170
306 388
740 306
306 414
306 541
740 541
414 367
541 627
220 367
220 627
220 691
86 627
220 86
388 707
367 707
691 325
17 707
615 938
615 501
615 771
232 195
203 501
388 325
615 653
306 662
627 771
487 707
761 707
714 662
195 501
195 662
501 662
714 195
714 501
454 505
501 707
662 487
714 707
501 487
771 567
454 487
454 707
771 487
454 29
14 707
29 707
741 707
14 741
29 741
29 325
29 761
741 761
653 325
835 325
653 567
835 567
269 675
556 657
401 685
358 770
17 739
662 274
662 202
17 675
615 655
170 655
627 770
920 655
203 932
707 218
835 675
662 655
487 655
325 655
707 770
501 655
662 685
707 342
741 30
567 30
325 592
325 802
325 342
761 342
653 342
835 342
218 675
770 655
30 655
342 655
770 978
342 932
592 30
592 342
802 30
802 342
30 978
342 770
981 655
685 770
981 685
30 97
770 907
770 853
685 97
655 13
354 853
770 675
655 680
30 421
907 846
307 675
596 675
230 596
168 596
480 596
307 596
128 307
128 680
480 675
128 675
680 675
307 218
307 657
421 675
657 675
245 675
421 657
421 218
770 274
770 705
13 574
218 85
675 274
218 274
675 574
218 266
571 739
266 274
574 274
274 739
274 960
266 739
705 960
571 960
74 960
237 571
237 960
74 237
739 965
739 262
739 995
745 515
138 537
85 262
85 742
995 85
995 262
85 515
262 515
262 745
745 139
175 139
604 139
48 515
175 515
604 515
48 175
48 604
779 478
584 117
584 585
584 706
584 621
584 7
584 520
584 553
206 478
368 478
779 990
584 603
584 722
584 953
584 613
584 100
584 347
584 143
584 384
584 509
263 478
368 990
470 478
481 990
611 732
524 990
16 865
630 405
16 347
996 632
584 647
584 719
584 672
794 632
919 632
794 617
926 821
425 986
630 719
559 486
556 572
745 572
401 617
675 530
440 184
515 927
515 478
556 478
615 535
556 164
911 644
269 865
34 347
295 247
440 478
195 478
615 455
932 478
742 478
675 586
515 955
770 334
307 990
907 990
650 23
421 644
978 878
218 37
960 37
515 990
705 990
960 990
25 990
202 768
139 352
515 394
262 990
745 23
139 23
745 990
139 990
515 568
515 23
262 100
742 281
515 161
175 990
604 990
515 942
48 23
604 23
139 100
48 100
175 100
572 478
632 478
955 478
267 478
23 990
644 990
100 990
161 990
347 990
568 23
568 990
23 644
319 990
942 990
100 23
100 568
568 942
23 64
990 377
64 644
942 644
942 347
942 433
161 644
281 644
347 644
49 644
161 347
281 347
347 433
161 49
49 347
49 433
161 377
990 217
990 585
535 732
732 143
763 143
394 763
457 789
117 585
217 585
217 865
585 865
540 117
712 117
540 712
768 217
540 585
540 865
712 217
712 585
712 865
117 247
540 247
247 865
247 405
23 805
990 37
281 805
23 878
990 438
644 509
319 438
990 431
117 962
585 602
585 805
865 805
763 602
763 830
352 37
247 37
989 878
865 87
865 509
247 722
768 805
989 805
585 957
117 438
585 215
405 215
405 957
989 602
217 603
865 603
602 805
37 805
878 805
438 805
215 805
790 805
227 805
384 805
808 805
87 805
164 805
509 805
957 602
957 37
602 37
37 878
411 805
438 602
215 602
790 602
384 602
603 957
438 215
438 790
957 227
602 411
438 411
215 790
790 227
790 384
790 808
227 808
384 808
411 215
411 227
438 37
215 37
790 37
227 37
384 37
808 878
805 514
805 830
602 734
602 722
790 87
384 164
87 37
164 37
509 37
509 878
514 37
734 37
514 87
514 734
37 45
37 722
37 813
164 483
722 878
813 878
830 878
45 509
483 509
45 722
37 723
878 723
805 962
805 885
805 879
805 0
805 431
227 290
164 723
87 706
37 130
813 879
878 962
37 0
87 0
878 0
830 0
73 723
706 723
290 962
370 962
648 962
290 370
290 648
370 648
431 924
924 597
879 723
827 723
73 706
817 953
597 885
597 238
817 723
597 723
124 73
124 706
130 73
353 706
124 723
130 723
353 723
879 706
827 73
827 706
124 827
130 827
353 827
124 353
130 353
805 267
585 197
117 586
217 267
929 267
768 267
585 595
768 595
712 478
87 478
962 478
885 113
353 318
878 267
723 267
805 197
813 267
438 197
878 595
215 372
878 395
805 145
438 955
509 70
73 153
827 267
73 197
706 197
73 267
706 267
723 234
723 529
73 756
597 267
124 267
353 267
879 197
723 332
706 332
124 332
130 332
353 332
113 478
197 267
586 267
332 267
595 267
234 197
197 586
372 267
891 267
332 197
372 197
332 372
197 891
372 891
427 586
427 234
620 234
595 234
234 529
673 529
673 613
409 613
409 756
197 955
267 395
267 297
395 955
455 955
153 395
637 955
153 297
736 395
955 145
955 70
659 50
395 70
455 145
395 145
955 50
955 544
455 50
145 70
70 334
812 70
812 334
145 478
70 478
455 400
544 633
334 318
400 478
78 478
67 478
350 478
633 320
979 113
400 113
320 400
224 478
923 478
96 478
107 478
420 478
135 478
769 478
224 78
224 545
96 107
96 420
923 260
43 350
260 350
769 350
43 260
43 769
260 769
990 632
478 429
478 821
478 497
23 572
957 821
879 429
723 889
217 476
990 871
478 22
478 553
478 784
478 826
527 986
145 348
478 40
478 233
478 33
234 530
197 621
297 497
113 572
478 902
478 702
478 444
478 647
478 83
113 429
478 28
67 821
350 821
43 821
260 821
769 821
350 40
617 632
313 632
572 632
821 572
497 572
40 429
40 821
429 821
702 40
28 54
54 233
444 233
775 444
941 444
775 753
444 749
233 749
941 749
174 753
927 753
749 753
429 915
40 289
753 374
927 289
233 530
753 33
775 530
233 172
941 172
941 647
927 33
927 172
530 33
474 530
915 530
474 647
915 647
474 915
915 33
647 6
530 580
530 6
647 580
6 33
6 152
33 359
751 818
751 289
83 760
289 760
315 83
315 289
315 760
174 902
474 572
359 572
647 572
83 572
289 572
33 781
289 765
315 503
621 572
7 572
765 572
993 572
889 572
221 572
141 572
902 572
500 572
451 572
7 497
621 765
121 7
765 7
902 7
500 7
121 902
121 765
503 781
121 497
500 781
7 781
451 781
993 451
993 781
451 889
889 497
221 497
572 44
572 550
572 994
572 727
572 719
902 44
781 550
497 550
141 44
44 550
550 35
719 277
572 302
444 348
141 632
727 632
500 617
497 520
621 424
986 632
116 632
617 313
268 302
268 348
302 569
302 871
871 348
784 348
569 871
569 784
184 486
569 986
184 355
184 986
76 986
403 986
355 632
986 617
302 393
871 632
986 547
348 894
348 617
355 617
986 520
486 520
355 917
476 632
894 632
547 632
22 632
534 632
553 632
116 617
439 617
520 617
826 520
183 520
520 229
520 917
183 229
888 229
638 917
229 617
903 617
508 617
183 632
917 632
520 313
617 672
617 601
617 476
617 894
617 547
617 22
183 313
520 894
917 894
520 672
520 587
917 488
617 426
617 11
617 872
11 632
872 632
426 632
436 632
814 632
672 313
748 313
587 313
925 313
672 632
601 632
587 632
925 632
894 116
547 116
534 116
476 313
894 313
547 313
534 313
553 313
872 313
476 894
11 476
11 894
672 872
476 547
672 547
894 601
894 748
476 587
587 116
925 116
547 22
22 534
22 553
426 547
436 547
426 116
436 116
684 116
906 116
601 748
601 547
748 547
426 436
426 684
426 601
426 748
436 906
684 906
906 601
601 925
601 22
601 534
116 814
906 925
906 814
379 22
379 534
379 553
814 534
587 925
587 22
587 534
925 22
925 534
488 22
488 553
379 587
379 925
814 587
814 925
379 814
379 488
