1000 3643

690 584
81 584
674 584
386 584
305 584
443 584
293 584
831 584
864 584
528 584
909 584
593 584
963 584
16 584
783 584
95 584
263 584
605 584
893 584
119 584
630 584
440 584
573 584
850 584
203 584
170 584
367 584
388 584
627 584
662 584
325 584
487 584
761 584
770 584
978 584
596 584
571 584
960 584
217 584
585 584
73 584
519 584
525 584
548 584
590 584
71 584
950 584
187 584
847 584
916 584
223 584
744 584
804 584
2 584
841 584
131 584
106 584
971 584
731 584
829 584
910 584
460 584
926 584
794 584
870 584
94 584
825 584
129 584
425 584
919 584
17 584
691 584
707 584
655 584
218 584
739 584
515 584
23 584
644 584
602 584
37 584
878 584
723 584
197 584
586 584
955 584
429 584
283 167
380 167
786 167
378 167
255 167
801 167
356 167
206 167
697 167
996 167
556 167
675 167
990 167
345 584
283 584
551 584
380 584
786 584
378 584
255 584
801 584
356 584
206 584
697 584
996 584
368 584
556 584
615 584
675 584
990 584
805 584
267 584
617 584
313 584
89 565
89 554
89 478
733 565
733 554
733 478
472 554
419 554
764 554
576 554
704 611
999 611
198 611
779 611
572 565
572 478
632 565
632 554
632 478
89 167
733 167
472 167
419 167
764 167
576 167
704 167
999 167
198 167
779 167
572 167
632 167
89 584
733 584
472 584
419 584
764 584
576 584
704 584
999 584
198 584
779 584
572 584
632 584
565 554
565 478
554 478
611 478
565 167
554 167
611 167
478 167
565 584
554 584
611 584
478 584
167 584
158 565
327 565
982 565
179 565
102 565
698 565
665 565
338 565
376 565
548 554
339 554
345 89
345 733
283 89
283 733
551 89
551 733
380 89
380 733
380 472
786 89
786 733
786 472
378 89
378 472
345 565
283 565
283 554
551 565
380 554
786 554
378 554
89 733
89 472
733 472
171 565
880 565
961 565
212 565
279 565
298 565
642 565
344 565
772 565
564 565
599 565
68 565
922 565
665 89
665 733
338 89
338 733
376 89
376 733
557 89
557 733
519 89
519 733
525 89
525 733
345 283
345 551
283 551
987 565
823 565
18 565
868 565
485 565
895 565
101 565
448 565
976 565
991 565
179 345
102 345
698 345
670 565
866 565
188 565
899 565
210 565
303 565
681 565
445 565
614 565
239 565
299 565
214 565
115 565
171 158
171 327
171 982
880 158
880 327
880 982
961 158
961 327
961 982
212 158
212 327
212 982
158 327
158 982
327 982
987 158
987 327
987 982
823 158
823 327
823 982
18 327
18 982
171 880
171 961
880 961
366 158
709 158
469 456
778 456
709 987
709 880
709 327
709 982
987 823
987 880
987 961
709 823
777 171
777 961
333 171
866 171
777 327
777 982
333 327
333 982
866 982
823 171
823 880
823 961
18 171
670 18
171 212
961 212
327 868
982 868
670 212
18 868
18 212
171 868
188 212
899 212
210 212
303 212
681 212
485 895
868 212
188 868
899 868
210 868
681 868
188 899
188 210
188 681
899 210
899 681
210 303
210 681
303 681
614 485
239 485
239 895
445 614
485 101
895 101
895 279
239 101
299 279
448 976
101 279
448 279
299 448
115 976
565 396
565 811
976 298
19 345
24 345
642 179
344 179
772 179
564 179
564 102
564 698
599 179
68 102
68 698
922 102
922 698
344 345
772 345
564 345
599 345
68 345
922 345
179 102
102 698
991 179
298 642
344 772
396 298
811 642
991 642
811 991
335 344
335 772
335 179
344 599
772 599
179 19
344 498
772 498
179 498
410 345
498 345
191 345
181 345
331 345
552 345
939 345
513 345
42 345
757 345
788 345
798 345
854 345
24 102
406 102
406 698
564 599
564 68
564 922
68 922
410 599
498 599
191 599
513 564
19 599
410 19
191 19
181 331
181 552
181 939
331 552
331 939
552 939
564 42
564 757
564 788
564 798
564 854
564 24
513 42
42 922
757 922
788 922
798 922
854 922
399 922
934 922
77 68
820 68
399 102
934 102
77 102
77 698
820 102
24 922
406 68
798 24
399 24
934 24
42 757
42 788
42 854
757 788
757 854
788 854
798 854
399 934
934 820
77 406
820 406
102 551
345 665
68 665
102 665
698 665
102 265
698 265
68 867
102 867
698 296
698 867
235 89
235 733
111 89
111 733
461 89
461 733
628 89
628 733
246 89
246 733
473 89
473 733
665 283
665 551
338 283
338 551
376 283
376 551
557 283
557 551
519 283
519 551
525 283
525 551
144 283
144 551
940 283
940 551
235 338
235 376
235 557
235 283
235 551
665 338
665 376
338 376
338 557
376 557
26 665
676 665
373 665
447 665
296 265
447 26
308 980
980 338
980 376
308 338
308 376
980 235
713 551
199 551
512 551
720 283
720 551
383 283
383 551
658 283
658 551
743 283
743 551
61 283
61 551
972 283
972 551
984 283
984 551
144 557
940 557
713 557
557 199
557 720
144 940
199 144
199 940
512 144
512 940
720 144
720 940
199 720
512 720
383 658
383 743
658 743
61 972
61 984
557 461
283 671
551 671
283 111
283 461
283 628
283 246
551 111
551 461
551 628
283 365
61 461
972 461
972 671
93 733
951 733
357 89
357 733
666 733
735 89
735 733
397 89
397 733
69 89
69 733
682 89
682 733
887 89
887 733
160 89
160 733
310 89
310 733
716 89
716 733
750 89
750 733
774 89
774 733
273 89
273 733
671 89
671 733
428 89
428 733
477 89
477 733
651 89
651 733
316 89
316 733
118 89
118 733
490 89
490 733
832 89
832 733
461 519
628 519
246 519
246 525
473 519
473 525
519 525
428 519
477 519
651 519
111 461
111 628
461 628
365 111
365 461
365 628
671 111
671 461
671 628
365 671
951 519
428 477
428 651
477 651
428 525
477 525
651 525
477 246
651 246
519 357
519 666
477 357
477 666
651 357
316 525
118 525
490 525
357 246
666 246
735 246
357 525
666 525
735 525
397 525
316 246
357 666
397 316
69 473
682 473
887 473
160 473
310 473
716 473
750 473
774 473
118 490
118 473
490 473
832 473
69 490
682 490
887 118
887 490
69 682
69 887
682 887
750 832
273 832
160 310
160 750
310 716
310 750
310 774
716 750
716 774
750 774
89 591
733 591
89 200
89 809
89 639
89 795
89 966
89 618
89 392
89 398
89 689
733 809
89 890
89 360
89 479
89 207
733 890
733 360
832 890
473 890
273 890
276 554
464 554
155 554
828 554
918 554
132 554
548 472
380 786
380 378
786 378
200 591
809 890
639 795
639 966
795 966
639 360
795 360
966 360
618 360
392 479
618 398
392 398
479 562
479 689
562 689
689 796
207 591
432 200
126 591
432 591
207 200
209 824
607 816
243 472
288 472
242 472
677 472
859 472
148 472
679 472
62 472
496 472
442 380
442 786
862 380
862 786
442 472
862 472
312 729
105 312
422 312
3 105
3 475
105 422
105 475
422 475
92 701
944 92
944 701
284 944
701 791
228 954
243 380
243 786
288 380
288 786
242 380
242 786
677 380
677 786
859 380
859 786
148 380
148 786
679 380
679 786
62 380
62 786
496 380
496 786
243 442
288 442
442 242
442 859
288 242
288 859
242 677
242 859
677 859
148 862
679 862
496 862
148 679
442 554
862 554
380 548
786 548
472 276
472 464
472 155
472 918
62 554
380 258
380 507
380 484
786 258
786 507
380 276
380 464
380 155
380 918
786 276
786 464
786 155
472 178
472 793
472 371
472 900
472 936
472 258
472 507
472 484
380 178
380 793
380 371
380 900
786 178
786 793
62 464
258 554
507 554
484 554
724 554
248 554
453 554
815 554
548 378
178 554
793 554
241 554
371 554
900 554
465 554
936 554
845 554
381 554
837 554
876 554
322 554
53 554
300 554
258 378
507 378
484 378
724 378
155 548
828 548
918 548
276 378
464 378
155 378
918 378
178 378
241 378
371 378
900 378
465 378
936 378
276 464
178 276
178 464
793 464
241 276
371 276
900 276
258 507
258 276
258 464
507 276
507 464
178 258
178 507
241 507
371 507
241 371
900 936
845 155
484 724
484 155
724 155
465 936
155 918
155 381
155 837
155 322
845 381
248 548
453 548
828 918
381 918
837 918
876 918
322 918
53 828
248 828
248 918
381 837
876 322
53 248
759 548
300 548
896 548
300 896
110 132
441 132
594 132
337 132
815 132
626 815
600 815
626 600
815 594
110 441
110 594
132 873
873 339
369 339
134 339
546 339
849 339
858 339
933 339
752 873
914 873
430 873
747 873
752 914
914 747
430 747
546 369
849 369
858 369
933 369
546 849
546 858
546 933
849 858
849 933
858 933
339 810
134 533
201 134
810 134
201 810
201 533
810 533
380 419
380 764
89 419
89 764
89 576
472 419
472 764
554 590
589 167
728 167
975 167
57 167
150 167
52 167
690 167
81 167
674 167
211 167
386 167
305 167
443 167
831 167
864 167
590 167
437 167
71 167
226 167
950 167
187 167
847 167
916 167
223 167
744 167
804 167
2 167
841 167
131 167
106 167
971 167
731 167
829 167
910 167
255 419
255 764
255 576
801 419
801 764
801 576
356 576
356 999
419 764
419 576
419 999
764 576
764 999
576 704
576 999
704 999
704 198
999 198
590 419
590 764
437 419
437 764
71 419
71 764
71 576
226 419
226 764
226 576
950 419
950 764
950 576
187 419
187 764
187 576
847 419
847 764
847 576
916 576
255 801
219 419
219 764
60 419
60 764
112 419
112 764
561 419
561 764
589 419
589 764
219 590
60 437
112 437
561 437
1 590
122 590
185 590
434 590
612 590
222 590
952 521
416 542
416 521
542 521
588 219
588 590
683 590
1 185
1 612
122 185
122 434
122 612
122 222
185 612
434 222
122 219
434 219
222 219
588 122
588 434
683 122
683 185
683 612
588 222
590 566
590 758
60 112
60 561
112 561
311 566
336 566
311 336
566 204
311 204
336 204
109 114
766 114
703 114
856 114
55 766
109 766
109 703
109 856
703 856
114 561
91 561
688 561
710 561
240 112
240 561
362 60
362 112
362 561
466 60
466 112
466 561
182 60
182 112
182 561
324 60
324 112
324 561
415 60
415 112
415 561
467 60
467 112
182 437
324 437
415 437
467 437
91 688
91 710
688 710
240 466
182 324
182 415
324 415
415 467
415 419
114 419
112 71
561 71
437 589
437 71
437 226
60 589
112 589
561 589
437 423
437 874
437 725
874 419
725 419
495 419
495 764
272 419
272 764
225 419
225 764
256 419
256 764
882 419
882 764
275 419
275 764
822 419
822 764
462 419
462 764
458 419
458 764
717 419
717 764
838 419
838 764
330 419
330 764
549 419
549 764
762 419
762 764
294 764
137 419
137 764
166 764
349 764
700 764
423 419
423 764
446 419
446 764
21 419
21 764
31 419
31 764
518 419
518 764
560 419
560 764
660 419
660 764
8 419
8 764
589 71
589 226
71 226
423 71
423 226
446 71
446 226
21 71
21 226
31 71
31 226
518 71
518 226
874 589
725 589
495 589
495 71
272 71
423 446
423 589
446 589
495 423
272 423
272 446
272 226
446 21
446 31
71 256
71 882
272 31
446 882
272 882
225 226
256 226
882 226
275 226
822 226
462 226
21 31
21 518
31 518
225 21
225 31
225 518
256 21
256 31
256 518
882 21
882 31
822 31
822 518
225 256
275 822
275 462
8 950
717 560
838 560
330 560
549 560
762 560
717 838
717 330
717 549
717 762
838 549
330 549
330 762
549 762
137 660
196 950
558 950
700 950
108 950
166 8
349 8
166 349
196 558
196 700
558 700
950 255
950 801
764 975
950 187
950 847
764 726
108 255
950 726
108 187
950 104
108 726
728 576
975 576
57 576
150 576
52 576
187 255
187 801
847 255
847 801
916 801
973 576
418 576
579 576
785 576
66 576
254 576
998 576
286 576
555 576
253 576
538 576
840 576
937 576
726 255
278 255
278 801
363 801
737 801
278 576
363 576
737 576
728 801
975 255
975 801
187 847
104 255
570 255
341 255
799 255
287 255
385 255
641 255
708 255
435 255
928 255
956 255
4 255
163 255
387 255
726 187
278 187
278 847
570 187
341 187
799 187
287 187
385 187
641 187
708 187
435 187
104 726
341 799
341 287
341 708
799 287
799 708
287 385
287 708
385 641
385 435
641 435
341 847
799 847
287 847
385 847
641 847
435 847
187 928
187 956
187 163
187 387
928 847
956 847
4 847
163 847
387 847
15 847
928 956
956 163
4 163
4 387
163 387
15 278
492 278
973 278
15 492
973 801
687 801
857 801
418 801
579 801
785 801
66 801
254 801
998 801
555 801
728 975
785 363
363 728
363 975
66 728
66 975
254 728
254 975
998 728
998 975
555 975
737 728
737 975
66 737
254 737
998 737
66 254
66 998
254 998
286 555
253 538
253 840
253 937
538 840
538 937
840 937
728 916
975 916
801 575
801 57
801 150
576 575
576 326
576 578
975 57
937 57
840 916
937 916
937 575
57 916
150 916
575 916
326 916
57 150
575 57
326 57
326 150
10 578
186 244
186 964
244 964
364 52
180 52
278 167
363 167
737 167
575 167
326 167
10 167
578 167
576 223
576 744
576 804
968 167
79 167
186 167
244 167
964 167
692 167
364 167
180 167
173 167
52 223
52 744
173 223
173 744
173 216
173 842
413 167
848 167
912 167
491 167
65 167
149 167
649 167
901 167
84 167
663 167
898 167
661 167
913 167
985 167
317 167
39 167
531 167
389 167
494 167
958 167
744 999
2 999
841 704
841 999
131 704
131 999
106 704
106 999
106 198
971 704
971 999
971 198
731 704
731 999
731 198
829 704
829 999
829 198
910 704
910 999
910 198
216 167
616 167
842 167
526 167
819 167
321 167
852 167
90 167
361 167
833 167
123 167
539 167
606 167
38 167
577 167
208 167
252 167
511 167
328 167
271 167
32 167
806 167
746 167
301 167
9 167
162 167
678 167
82 167
223 356
744 356
804 356
2 356
491 356
65 356
149 356
649 356
690 223
690 744
690 804
81 2
690 356
81 356
223 744
223 804
744 804
804 2
413 223
413 744
848 223
848 744
912 223
912 744
491 744
491 804
65 804
216 223
216 744
616 223
616 744
842 223
842 744
526 223
526 744
819 223
819 744
321 223
321 744
852 223
852 744
413 848
413 912
848 912
216 848
842 848
526 413
526 912
819 413
819 848
819 912
216 616
216 842
616 842
413 321
413 852
912 321
526 321
526 852
321 852
90 361
361 833
90 123
606 690
38 690
577 690
208 690
511 690
38 804
577 804
208 804
252 804
511 804
491 65
491 690
65 690
606 491
123 539
38 65
577 65
208 65
511 65
38 577
577 511
208 252
208 511
577 356
208 356
252 356
511 356
804 149
804 649
690 149
208 649
252 149
252 649
328 356
271 356
32 356
901 2
149 649
301 81
9 81
806 2
746 2
301 2
9 2
901 81
9 901
301 9
2 663
901 663
81 162
81 663
674 841
211 841
386 841
84 663
84 898
663 898
162 663
678 84
678 898
661 913
661 985
913 985
516 317
531 841
389 841
494 841
674 386
623 674
797 674
39 674
531 674
797 531
623 797
970 386
623 841
797 841
970 841
531 386
970 610
610 386
159 386
988 211
610 841
159 841
625 841
892 841
389 211
389 386
494 211
159 892
625 892
159 389
625 389
892 389
674 999
211 999
386 999
625 999
988 999
531 999
389 999
494 999
305 704
305 999
443 704
443 999
293 704
293 999
831 704
831 999
864 704
864 999
528 704
528 198
909 198
156 999
493 999
935 999
635 999
654 999
636 999
839 704
839 999
997 704
997 999
41 704
142 704
803 704
140 704
640 704
738 704
947 704
375 704
522 704
624 704
855 704
58 999
510 999
27 999
402 704
402 999
127 704
127 999
958 704
958 999
72 704
72 999
292 704
292 999
608 704
608 999
598 704
949 704
443 131
864 131
493 305
58 305
510 305
493 510
58 27
305 27
58 935
935 27
654 402
402 131
654 131
402 127
402 958
654 958
127 131
958 131
72 131
443 864
293 831
293 864
831 864
839 443
997 443
636 131
839 131
997 131
127 958
958 443
72 443
997 72
997 864
72 864
72 41
72 142
72 803
41 864
142 864
803 864
140 864
640 864
738 864
947 864
375 293
375 831
522 293
522 831
624 293
855 293
292 608
292 598
292 293
292 864
608 864
598 293
598 831
949 293
949 831
142 608
140 292
640 292
640 608
738 292
738 608
947 292
947 608
41 142
41 803
142 803
140 640
140 738
140 947
640 738
640 947
738 947
640 598
375 949
522 598
522 949
624 598
855 598
375 522
624 855
443 106
293 106
293 971
831 106
831 971
864 106
864 971
131 106
131 971
704 945
704 619
704 404
704 921
704 946
704 189
704 992
292 106
292 971
598 106
598 971
949 106
949 971
375 106
375 971
522 106
522 971
855 106
831 946
282 198
711 198
351 198
699 198
730 198
189 198
190 198
340 198
280 198
884 198
205 198
792 198
528 731
528 829
528 910
106 971
106 731
106 829
106 910
971 731
971 829
731 829
731 910
829 910
946 106
946 971
59 731
59 829
59 910
189 731
189 829
189 910
992 731
992 829
992 910
945 106
945 971
619 106
619 971
404 106
631 106
499 106
945 946
619 946
619 404
631 499
921 943
250 731
250 829
452 731
452 829
686 731
686 829
88 731
88 829
863 731
863 829
502 731
502 829
502 910
694 731
694 829
694 910
59 189
189 992
250 452
250 686
452 686
250 863
452 863
502 59
502 189
502 992
694 59
910 190
502 528
694 528
59 528
189 528
992 528
190 340
282 280
282 711
351 909
699 909
730 909
280 884
205 792
280 909
884 909
205 909
792 909
711 280
351 884
699 884
730 884
351 699
351 730
345 632
89 632
733 632
565 116
565 617
565 313
158 632
327 632
982 632
179 632
565 476
565 894
565 22
565 534
565 547
565 553
171 632
880 632
961 632
212 632
158 617
158 313
327 617
327 313
982 617
982 313
778 632
456 632
823 632
158 22
158 534
158 553
327 553
158 116
327 116
778 22
778 553
456 488
456 22
456 534
456 553
778 488
189 584
280 584
198 206
704 779
999 779
198 779
167 460
167 926
167 794
167 870
167 825
167 129
704 460
704 926
999 460
999 926
198 460
198 926
198 794
198 870
198 593
198 963
198 16
198 783
909 460
909 926
198 669
198 883
198 231
198 408
198 844
198 897
198 718
198 622
198 754
205 926
792 926
205 231
909 231
192 584
390 584
75 584
259 584
643 584
543 584
213 584
468 584
886 584
20 584
285 584
581 584
776 584
860 584
931 584
194 584
470 584
524 584
967 584
977 584
98 584
177 584
176 584
449 584
450 584
656 584
136 584
504 584
323 584
668 584
56 584
157 584
523 584
695 584
877 584
146 584
482 584
36 584
343 584
767 584
147 584
151 584
291 584
63 584
471 584
780 584
773 584
264 584
463 584
34 584
382 584
154 584
652 584
881 584
309 584
693 584
664 584
969 584
47 584
295 584
417 584
911 584
800 584
920 584
740 584
414 584
541 584
231 584
408 584
844 584
897 584
718 584
622 584
459 584
754 584
304 584
583 584
506 584
908 584
257 584
481 584
103 584
169 584
948 584
983 584
582 584
261 584
391 584
843 584
959 584
905 584
329 584
133 584
270 584
346 584
646 584
314 584
559 584
609 584
5 584
358 584
412 584
755 584
269 584
532 584
401 584
232 584
721 584
306 584
86 584
195 584
501 584
938 584
771 584
567 584
30 584
342 584
932 584
685 584
97 584
853 584
307 584
825 611
129 611
425 611
919 611
17 611
691 611
707 611
655 611
206 779
697 779
996 779
368 779
206 611
697 611
996 611
368 611
556 611
615 611
675 611
893 611
119 611
630 611
460 779
926 779
794 779
870 779
94 779
825 779
129 779
425 779
919 779
206 697
206 996
697 996
697 368
996 368
95 779
263 779
605 779
593 460
593 926
963 460
963 926
16 460
16 926
16 794
783 460
783 926
783 794
460 926
460 794
926 794
231 460
231 926
408 460
408 926
844 460
844 926
897 460
897 926
718 460
622 460
593 963
593 16
593 783
963 16
963 783
16 783
669 460
669 926
231 408
408 844
844 593
844 963
897 593
897 963
669 408
669 844
897 16
897 783
593 718
593 622
460 99
460 883
99 16
99 783
883 16
883 783
974 16
974 783
120 783
165 783
192 783
634 783
718 622
718 16
718 783
622 16
622 783
99 718
883 718
974 718
883 974
883 622
974 622
120 622
165 622
192 622
634 622
120 165
120 192
120 634
165 192
165 634
192 634
193 754
193 12
459 794
754 794
304 794
583 794
851 794
459 754
304 583
12 754
794 51
304 51
583 51
251 506
836 506
251 836
20 779
776 779
931 779
194 779
470 779
524 779
257 779
481 779
95 870
263 870
263 94
263 825
605 94
605 825
870 94
870 825
94 825
908 870
75 95
259 95
643 95
861 95
543 95
787 95
908 95
643 908
543 908
787 908
259 643
259 861
643 861
643 543
543 787
908 886
213 870
468 870
886 870
20 870
285 870
581 870
776 870
860 870
213 468
468 886
20 285
20 581
20 776
285 776
581 776
20 860
285 860
776 860
870 257
870 931
481 94
481 825
194 257
194 470
263 481
524 94
524 825
481 605
524 481
870 206
94 206
94 697
94 996
825 206
825 697
825 996
481 206
263 206
605 206
94 129
825 129
779 967
779 977
779 177
779 103
779 169
779 948
779 983
329 611
133 611
270 611
346 611
646 611
314 611
559 611
609 611
5 611
129 206
129 697
129 996
425 206
425 697
425 996
919 996
919 368
103 206
169 206
169 697
948 206
948 697
948 996
983 206
983 697
983 996
582 697
582 996
261 996
391 996
843 996
959 996
129 425
967 206
977 206
98 206
177 206
103 129
169 129
948 129
983 129
98 177
103 169
176 129
449 129
450 129
169 948
948 983
176 983
449 983
450 983
176 449
176 450
449 450
176 697
449 697
450 697
129 582
129 656
656 697
656 996
136 697
136 996
504 697
504 996
323 996
668 996
582 425
656 425
136 425
504 425
136 504
136 582
504 582
323 668
261 391
261 843
391 843
56 261
56 391
56 843
56 959
157 959
523 959
695 261
695 391
695 843
877 261
877 391
877 843
56 157
56 523
157 523
56 877
695 877
996 893
56 893
695 893
877 893
261 893
391 893
843 893
959 893
261 146
261 482
391 146
843 146
695 146
151 611
291 611
63 611
471 611
780 611
773 611
264 611
463 611
133 368
270 368
346 368
646 368
314 368
119 919
630 919
119 368
630 368
767 368
147 368
151 368
133 919
270 919
346 919
646 919
146 893
482 893
905 329
905 893
329 893
146 482
36 329
767 919
147 919
151 919
133 270
133 346
133 646
270 346
270 646
147 133
147 270
147 646
151 133
151 346
919 314
368 291
368 63
368 471
368 780
133 630
919 291
119 630
291 119
291 630
63 119
63 630
471 119
471 630
780 119
780 630
773 630
463 630
314 119
314 630
63 314
471 314
780 314
63 471
63 780
471 780
773 463
264 559
264 609
559 609
368 556
611 440
611 573
611 850
611 203
611 170
611 388
611 627
611 358
611 412
611 755
611 269
611 532
611 401
611 34
611 382
611 154
611 652
611 309
556 615
615 675
17 556
17 615
691 615
707 615
269 556
532 556
401 556
440 556
573 556
850 556
440 573
358 412
358 755
412 755
34 358
34 412
154 358
154 412
154 755
881 440
881 573
269 532
269 440
269 573
532 440
532 573
881 269
881 532
440 850
573 850
269 850
532 850
309 556
693 556
664 556
969 556
47 556
417 556
309 850
693 850
401 850
309 401
664 401
309 693
664 969
556 203
721 615
306 615
86 615
195 615
501 615
938 615
203 17
170 17
170 691
367 17
367 691
388 17
388 691
627 17
627 691
627 707
662 17
662 691
662 707
325 707
487 691
487 707
761 707
203 615
170 615
367 615
388 615
627 615
662 615
487 615
17 691
691 707
249 615
740 615
414 615
541 615
220 615
721 17
306 17
306 691
86 17
86 691
203 170
203 388
170 367
170 388
170 627
367 388
367 627
388 627
800 203
920 203
517 203
563 203
696 203
232 203
721 203
920 232
46 645
46 800
645 800
920 721
920 517
920 563
80 721
517 721
696 721
517 563
517 696
249 170
249 388
80 17
696 17
249 17
721 170
721 388
249 740
740 170
740 388
414 170
414 388
541 170
541 388
220 367
220 627
740 17
414 17
541 17
220 691
306 170
306 388
86 367
86 388
86 627
740 306
414 306
541 306
414 541
220 86
627 662
691 195
691 501
691 938
86 938
86 662
627 195
627 938
771 707
567 707
662 487
325 761
487 761
714 662
454 662
195 501
195 938
195 662
501 662
938 662
771 662
714 195
714 501
454 771
505 771
454 505
454 487
505 487
454 707
195 487
771 487
14 487
14 761
29 761
741 761
653 325
835 325
14 707
29 707
741 707
567 325
567 761
29 741
653 567
835 567
653 835
707 675
615 655
325 655
761 655
707 770
707 655
567 655
325 770
325 978
707 30
707 342
567 30
567 342
325 592
325 802
325 30
325 342
325 932
653 342
835 342
655 675
218 675
739 675
97 675
853 675
846 675
307 675
770 655
978 655
770 675
596 675
30 655
342 655
932 655
685 655
97 655
853 655
770 978
981 770
592 655
981 655
30 342
30 932
342 932
30 770
30 978
342 770
342 978
932 770
932 978
685 770
685 978
592 30
592 342
592 932
802 30
802 342
802 932
592 802
981 685
655 13
655 650
685 650
981 650
13 97
354 853
907 853
907 675
907 846
230 675
168 675
480 675
128 675
680 675
421 675
657 675
245 675
230 596
168 596
480 596
128 596
307 596
230 168
128 307
680 307
168 480
128 680
307 421
307 657
245 218
421 657
218 739
675 274
675 571
675 960
218 274
675 266
218 266
571 739
960 739
139 515
745 515
237 739
202 739
571 960
266 274
574 274
266 574
705 237
705 960
74 571
74 960
25 739
237 571
237 960
202 571
202 960
74 237
85 515
262 515
742 515
965 515
85 262
85 742
262 742
138 537
995 85
995 262
995 742
85 745
262 745
742 745
48 139
48 515
175 515
604 515
965 745
965 175
48 175
48 604
175 604
675 478
611 990
675 990
218 990
739 990
515 990
675 23
85 990
262 990
742 990
965 990
139 23
745 23
139 990
745 990
515 568
515 23
515 644
48 990
175 990
604 990
965 23
139 568
515 100
48 23
175 23
604 23
139 100
37 478
723 478
197 478
586 478
955 478
429 478
821 478
497 478
617 572
617 632
313 572
313 632
990 478
805 478
267 478
617 478
572 632
73 478
395 478
113 478
990 805
805 267
23 990
644 990
602 805
37 990
37 805
878 805
723 805
100 990
161 990
281 990
347 990
433 990
568 23
568 644
568 990
217 990
585 990
23 644
319 990
64 990
942 990
49 990
100 23
161 644
281 644
347 644
433 644
100 568
64 644
942 644
942 161
49 644
161 281
161 347
281 347
281 433
347 433
49 281
49 347
49 433
377 535
535 732
535 763
117 217
117 585
117 865
217 585
217 865
585 865
394 143
763 143
457 143
394 732
394 763
732 763
540 117
540 217
540 585
540 865
247 217
247 585
247 865
405 217
405 585
405 865
989 585
712 117
712 217
712 585
712 865
540 712
247 405
405 989
117 602
217 602
217 37
585 602
585 37
865 602
117 805
217 805
585 805
865 805
217 957
585 957
585 438
438 805
215 805
227 805
384 805
790 805
808 805
87 805
164 805
509 805
957 602
957 37
73 723
706 723
957 805
602 37
602 878
37 878
37 723
878 723
411 805
514 805
734 805
45 805
483 805
722 805
438 602
438 37
215 602
215 37
227 602
227 37
384 602
384 37
790 602
790 37
808 602
808 37
87 37
164 37
164 878
509 37
509 878
603 957
603 602
411 602
438 215
438 384
438 790
215 227
215 384
215 790
215 808
227 384
227 790
227 808
384 790
384 808
790 808
438 957
790 957
411 215
411 384
411 790
411 37
227 87
808 87
514 37
734 37
45 37
45 878
483 37
483 878
722 37
722 878
813 878
830 878
164 509
514 87
734 164
45 509
483 509
722 509
45 483
45 722
813 830
878 962
878 290
878 370
878 648
878 0
885 723
827 723
879 723
73 706
290 962
370 962
648 962
0 962
290 370
290 648
370 648
290 0
648 0
431 924
124 73
124 706
130 73
130 706
353 73
353 706
597 723
124 723
130 723
353 723
827 879
827 73
827 706
879 73
879 706
597 885
817 953
238 597
124 827
130 827
353 827
353 879
124 130
124 353
130 353
37 267
878 267
723 267
827 267
879 267
73 197
73 586
706 197
706 586
73 267
706 267
723 234
723 197
723 586
130 267
353 267
827 197
723 332
130 197
353 197
73 332
706 332
723 372
145 478
70 478
334 478
633 478
400 478
78 478
67 478
350 478
197 267
586 267
955 267
332 267
595 267
529 267
234 197
234 586
395 955
234 267
197 586
586 955
372 267
891 267
427 267
332 197
332 586
595 586
529 586
372 197
372 586
891 197
891 586
427 586
427 234
620 234
595 529
595 234
529 234
620 595
673 529
613 529
409 613
455 955
145 955
70 955
297 395
736 395
153 955
297 955
736 955
455 395
153 637
637 297
455 145
395 50
395 145
955 50
955 544
455 50
70 334
50 145
544 145
50 544
812 70
812 334
70 318
334 318
320 478
979 478
224 478
545 478
923 478
96 478
107 478
420 478
135 478
43 478
260 478
769 478
320 113
979 113
400 113
320 400
224 78
545 923
96 107
43 350
260 350
769 350
43 260
43 769
260 769
478 40
478 233
478 753
478 33
478 530
478 7
478 621
478 702
478 444
478 749
478 172
478 647
478 28
478 54
67 821
350 429
350 821
43 821
260 821
769 429
769 821
350 40
429 572
821 572
497 572
302 572
302 632
986 572
986 632
116 632
617 313
40 572
753 572
33 572
530 572
7 572
621 572
40 429
40 821
233 429
753 429
429 821
702 429
702 821
444 429
749 429
40 233
233 753
28 429
54 429
702 40
28 54
28 233
54 233
775 233
775 753
941 753
174 753
927 753
444 749
444 233
444 753
749 233
749 753
775 444
775 941
775 749
941 749
174 927
753 530
753 172
174 172
927 172
33 530
474 33
474 530
915 33
915 530
580 33
580 530
152 33
152 530
172 647
647 6
172 33
172 530
647 33
647 530
6 33
6 530
904 172
474 647
915 647
474 915
474 6
915 6
647 580
580 6
83 289
83 760
289 760
751 818
359 374
315 83
315 289
315 760
315 572
83 572
289 572
760 572
289 621
503 572
121 572
765 572
993 572
889 572
141 572
221 572
44 572
550 572
994 572
35 572
500 572
902 572
451 572
781 572
719 572
7 497
500 497
451 497
781 497
7 621
503 621
121 7
765 7
500 7
902 7
902 621
121 902
765 500
500 781
993 497
889 497
221 497
451 781
993 451
993 781
889 451
44 550
727 719
355 632
520 632
476 632
894 632
22 632
534 632
547 632
553 632
986 617
116 617
116 313
348 302
355 986
302 986
268 302
302 569
302 784
302 871
569 348
784 348
871 348
569 784
569 871
784 871
184 486
76 355
403 355
424 986
76 986
403 986
76 403
986 520
536 632
869 632
11 632
872 632
426 632
436 632
684 632
906 632
379 632
814 632
439 617
672 617
672 313
601 617
601 313
748 313
587 313
925 617
925 313
439 632
672 632
601 632
748 632
488 632
587 632
925 632
476 116
894 116
22 116
534 116
547 116
553 116
520 617
476 617
476 313
894 617
894 313
22 617
22 313
534 617
534 313
547 617
547 313
553 617
553 313
536 617
393 617
869 617
826 520
183 520
888 520
229 520
903 520
183 888
183 229
183 903
888 229
229 903
638 917
536 393
536 508
393 508
617 11
11 313
872 313
426 313
436 313
684 313
906 313
672 116
601 116
748 116
587 116
925 116
476 894
476 547
894 547
22 534
22 553
534 547
534 553
11 476
11 894
672 476
672 894
672 547
426 547
436 534
436 547
684 547
906 534
906 547
379 22
379 534
814 22
814 534
814 553
426 116
436 116
684 116
906 116
379 116
601 748
601 587
601 925
748 587
748 925
587 925
601 22
601 534
601 547
748 534
748 547
488 22
488 534
488 553
587 22
587 534
587 553
925 22
925 534
925 547
925 553
426 601
436 601
436 748
906 601
906 748
426 436
426 684
436 684
426 906
436 906
906 925
601 379
379 587
379 925
814 587
814 925
379 814
