1000 2772

733 584
419 584
764 584
576 584
704 584
198 584
779 584
565 584
554 584
611 584
478 584
733 565
158 565
327 565
982 565
179 565
212 565
279 565
456 158
987 158
158 880
158 961
158 327
158 982
456 327
456 823
987 327
987 982
158 823
709 982
987 880
709 823
987 823
880 982
961 327
961 982
171 327
171 982
327 982
823 327
823 880
777 982
823 171
823 866
982 333
670 18
823 565
18 565
158 212
456 899
158 279
171 279
961 212
823 212
982 210
823 681
982 485
880 485
171 212
18 681
18 212
866 212
670 212
18 899
868 565
485 565
895 565
101 565
448 565
868 212
899 868
188 868
188 212
899 188
188 303
868 681
212 210
212 681
210 681
681 303
868 239
681 485
899 565
445 976
895 101
299 565
101 279
279 299
299 448
565 344
565 772
565 922
565 68
158 991
469 345
866 345
823 331
485 345
279 345
565 331
565 939
101 331
445 757
868 396
279 179
565 335
991 642
642 811
811 991
298 344
344 179
772 179
344 772
298 345
642 564
772 922
179 599
335 345
344 564
344 939
179 19
772 498
564 345
19 599
410 599
410 191
191 345
599 181
498 331
498 513
181 345
552 345
939 345
331 181
331 552
552 939
513 564
599 788
19 698
345 788
345 798
331 922
552 854
331 934
564 24
564 757
564 788
922 102
68 102
102 698
42 788
42 922
854 798
24 102
854 102
757 698
798 68
399 102
934 102
399 77
406 102
77 102
77 406
565 338
565 525
866 235
670 89
895 733
327 461
327 525
485 246
895 310
366 160
599 733
564 519
179 651
642 296
179 235
179 376
68 376
698 235
698 557
698 144
77 557
934 235
564 61
181 980
102 373
698 867
551 89
733 89
265 665
867 26
26 665
373 665
665 676
665 283
665 557
26 551
447 551
676 283
676 235
980 557
980 376
980 235
376 551
376 283
557 551
557 283
338 376
338 557
713 557
235 551
235 283
338 743
713 551
557 144
557 199
557 512
144 551
144 283
940 551
199 551
720 551
144 940
144 199
940 199
512 720
720 283
551 383
940 383
658 283
383 283
61 283
984 283
972 283
658 743
61 984
557 89
980 519
235 733
283 525
61 733
144 89
551 519
283 519
376 461
283 477
551 951
283 671
551 461
283 461
283 111
940 671
283 365
61 111
972 461
519 733
525 733
525 89
671 461
365 671
628 519
628 93
428 519
477 519
461 89
111 89
461 666
461 397
365 89
93 89
519 490
519 69
519 273
519 525
951 246
651 246
477 246
519 357
651 357
477 666
246 733
246 89
473 733
735 733
357 525
357 246
525 735
397 316
316 89
666 473
316 682
69 89
682 89
716 89
160 89
750 89
273 89
118 89
490 89
832 89
887 490
887 69
490 832
490 473
682 473
69 716
682 716
716 473
774 473
716 774
473 310
473 160
716 160
310 750
160 750
89 554
345 472
565 862
68 786
179 200
698 862
345 392
179 816
934 890
212 791
698 554
565 378
565 132
991 378
564 484
681 933
89 464
733 276
519 155
525 918
89 489
733 810
89 815
246 132
461 815
750 453
308 155
720 918
551 472
733 380
89 472
551 591
551 639
283 786
235 786
519 380
519 786
428 786
89 954
733 148
733 62
89 92
111 3
473 859
519 591
671 591
733 200
733 207
525 432
733 795
525 639
733 618
246 360
89 618
89 392
89 562
89 689
89 360
774 479
89 809
89 795
89 966
473 809
380 472
786 472
890 479
618 796
392 689
689 796
689 126
200 591
207 432
591 432
591 824
209 824
629 816
689 701
796 786
591 786
629 472
816 472
209 786
816 786
126 105
207 92
629 729
380 786
3 475
3 422
105 422
475 312
312 729
422 944
944 701
475 472
105 786
791 472
791 442
125 807
442 288
243 786
243 862
288 862
288 242
288 859
496 472
862 380
862 786
862 472
242 677
242 380
677 380
677 786
679 786
148 380
148 786
496 380
496 786
62 380
62 786
148 862
148 496
591 554
786 554
472 378
200 554
360 381
472 339
312 339
729 548
125 248
380 453
380 918
472 322
472 248
380 322
380 896
862 918
677 322
472 464
472 276
288 507
442 241
807 554
148 554
62 554
380 155
380 258
786 507
380 276
786 276
472 178
786 371
496 507
380 793
786 178
378 554
276 554
155 554
918 554
828 554
484 554
724 554
464 793
793 258
178 258
178 507
507 276
507 371
276 371
793 554
276 378
258 936
793 155
276 724
507 484
241 378
371 378
900 378
900 936
465 554
845 554
936 378
465 378
484 155
724 155
155 845
378 548
554 453
371 828
900 548
554 300
378 828
554 381
484 918
845 381
322 918
918 53
53 248
53 548
554 626
554 110
378 339
554 873
378 858
276 873
484 933
300 873
548 441
715 132
600 815
815 132
815 441
600 110
110 337
594 533
132 339
441 369
132 747
752 914
914 873
369 339
849 858
849 339
339 134
849 810
810 134
201 134
733 167
89 255
733 576
89 764
565 801
283 590
345 437
283 950
399 419
160 419
265 801
26 419
118 419
868 764
485 576
922 226
519 187
89 840
89 446
77 801
525 10
750 437
93 187
651 219
338 244
512 589
373 180
991 167
477 167
614 999
283 389
89 958
396 356
448 106
713 829
772 649
298 39
713 898
552 864
951 864
477 162
485 127
823 608
246 970
772 686
786 167
132 167
554 131
472 106
791 167
62 167
242 999
105 704
873 356
134 704
378 864
554 522
562 744
288 971
933 971
873 848
786 437
380 31
786 495
105 1
701 838
862 542
360 222
859 762
380 916
629 576
242 576
795 801
786 244
591 253
554 255
554 52
896 576
132 916
371 187
548 418
626 244
554 950
554 1
554 222
378 114
507 122
453 222
453 114
276 467
548 764
626 419
715 419
134 950
489 226
626 950
600 589
858 589
626 60
339 109
546 336
914 521
873 185
533 590
419 167
576 167
999 167
704 167
419 764
542 416
219 590
1 185
1 612
185 683
683 122
588 122
588 434
122 434
122 590
1 219
185 219
612 219
434 219
122 222
434 222
222 590
542 112
590 437
588 437
222 561
122 710
590 566
590 311
590 336
311 336
566 766
336 109
566 204
766 856
856 114
703 60
856 467
114 362
703 362
114 688
561 112
688 91
91 710
688 466
91 561
710 561
466 561
561 362
362 112
710 415
466 60
112 415
324 60
415 60
182 415
324 415
60 467
182 467
324 467
590 419
437 764
590 21
683 589
434 518
952 764
588 764
222 764
60 764
204 764
114 764
437 950
91 660
561 419
60 419
566 589
55 589
109 419
710 419
437 226
561 256
362 71
561 446
60 272
467 725
437 874
71 419
226 419
226 764
589 419
589 71
874 589
589 446
589 423
423 71
446 71
495 423
272 446
272 419
589 226
71 226
725 226
272 226
272 31
272 882
882 419
225 419
822 419
21 419
31 419
518 419
21 226
518 226
882 31
256 21
256 31
21 31
225 256
225 226
256 226
21 275
256 822
225 518
256 518
31 518
275 822
874 764
423 764
71 560
495 660
423 762
725 137
518 166
256 764
21 764
419 549
226 560
226 717
458 764
717 764
838 764
762 764
137 764
660 764
458 330
717 330
717 549
549 560
762 560
330 560
549 660
137 660
549 950
166 8
196 950
700 950
558 950
196 700
700 558
419 576
764 576
590 576
415 576
437 187
561 728
521 575
446 52
226 692
166 150
558 52
717 968
423 255
882 255
31 387
589 570
256 570
225 799
589 576
226 801
419 840
419 937
419 737
226 363
950 801
560 801
8 801
764 785
8 975
764 570
762 847
549 4
166 387
950 187
950 385
108 287
196 104
255 576
801 576
187 576
187 255
104 255
570 187
341 287
341 708
708 255
385 255
641 255
435 255
708 187
385 187
641 187
385 435
187 847
255 973
187 928
435 956
847 163
847 387
163 387
847 278
387 278
15 492
278 973
847 801
255 579
255 728
187 253
973 576
973 737
278 801
492 687
728 576
975 576
363 801
785 801
801 737
801 975
801 66
801 998
66 576
286 576
555 576
253 576
538 576
840 576
937 576
737 576
728 975
66 728
66 975
254 728
254 975
998 728
998 975
66 254
254 998
975 737
975 555
728 937
286 555
253 538
538 840
576 916
187 52
973 10
576 692
801 186
801 180
576 150
801 575
576 326
975 57
937 326
937 150
555 575
937 57
538 575
57 916
575 916
186 244
244 964
10 578
364 52
52 180
255 167
801 167
60 167
764 744
226 744
226 804
419 123
589 674
437 413
71 65
542 252
8 301
589 970
311 852
683 988
764 106
219 999
495 704
60 106
590 292
415 106
725 921
576 829
579 999
163 704
575 704
57 106
187 909
975 831
801 522
255 921
253 910
363 943
728 167
975 167
52 167
187 167
847 167
363 167
576 223
576 744
576 2
857 167
286 167
253 167
937 167
576 81
737 356
728 744
728 804
187 81
576 539
255 842
801 833
187 208
570 848
728 531
286 913
575 167
10 167
326 65
52 2
244 167
173 167
173 606
364 223
364 744
364 321
173 744
356 167
690 167
81 167
674 167
211 167
223 167
744 167
804 167
2 167
841 167
848 167
912 167
413 167
491 167
65 167
149 167
649 167
216 167
842 167
819 167
526 167
321 167
852 167
90 167
123 167
539 167
606 167
38 167
577 167
208 167
223 744
848 744
912 223
912 744
413 223
413 744
216 223
616 744
842 744
216 842
744 819
744 526
848 526
848 819
848 912
912 413
744 361
744 90
912 852
321 852
361 90
223 491
912 577
912 208
848 65
321 804
833 65
321 606
833 123
833 539
123 539
123 577
123 804
65 804
38 65
690 577
577 65
577 804
690 252
65 511
65 208
577 208
511 804
208 804
511 208
208 252
223 356
804 356
167 746
90 649
690 301
577 356
690 149
511 649
328 356
356 81
149 2
356 806
149 746
649 81
32 806
806 2
806 81
2 9
301 81
81 9
167 663
167 985
167 531
167 389
167 494
167 162
2 494
356 797
356 82
901 985
81 898
901 663
84 678
678 898
162 661
84 913
913 661
661 516
898 674
678 531
898 39
678 841
913 39
661 531
317 39
531 970
674 389
623 841
797 841
531 159
970 386
841 159
841 892
386 988
159 494
625 211
625 389
389 988
988 494
988 211
356 999
167 829
744 999
2 999
167 958
167 127
81 999
167 140
167 640
690 131
413 293
744 493
328 958
356 106
167 499
690 106
804 59
389 198
841 971
841 946
531 59
841 999
898 27
674 608
531 402
623 654
625 999
988 999
494 999
386 510
625 305
389 305
494 305
999 704
999 198
131 999
131 704
305 999
510 58
493 305
58 305
156 999
58 999
156 935
305 935
935 999
635 999
27 999
402 999
635 402
999 831
156 131
493 704
305 864
305 949
402 704
999 41
999 292
635 293
999 958
402 443
654 958
402 127
443 704
864 704
293 704
443 131
958 131
958 127
958 636
636 131
127 839
443 72
839 72
839 997
997 72
839 704
72 704
72 293
443 375
443 864
72 947
140 704
640 704
947 704
375 704
522 704
608 704
598 704
41 864
142 864
41 142
41 803
864 292
864 738
41 738
140 292
947 292
738 140
140 640
140 947
640 947
142 293
864 375
41 855
292 949
947 598
855 598
598 375
855 522
375 293
522 293
855 831
522 949
949 831
999 971
999 731
704 971
704 829
999 59
935 829
305 943
635 499
999 205
58 909
293 198
704 528
949 198
839 909
738 351
131 106
131 971
958 106
72 404
997 945
293 731
704 250
704 502
949 686
292 992
864 452
293 452
855 686
293 106
293 971
831 971
704 946
608 971
292 106
738 971
140 106
640 106
640 971
864 946
292 946
375 971
831 946
731 198
106 971
945 106
106 921
946 631
946 731
619 731
619 910
943 992
404 189
731 829
731 910
829 910
686 452
250 863
686 731
686 829
250 731
250 829
863 829
992 731
992 829
189 731
59 910
502 731
502 189
829 694
694 910
694 59
971 528
945 198
619 198
404 205
731 884
910 528
863 528
59 528
528 198
909 198
340 280
190 909
282 711
711 198
699 198
351 198
792 198
205 198
351 884
730 909
351 730
730 792
551 584
786 584
378 584
255 584
356 584
167 611
338 584
828 584
681 584
823 584
832 584
873 584
369 584
378 779
472 675
565 556
101 611
564 779
548 556
283 129
380 17
89 662
709 779
671 697
724 779
246 794
961 129
961 368
525 662
525 487
283 754
89 25
548 86
548 342
639 17
92 388
333 908
441 329
939 742
900 783
880 604
858 20
554 478
376 478
345 478
212 478
551 267
665 585
676 602
984 644
798 955
338 673
19 372
895 433
716 96
565 40
599 572
68 572
448 572
179 429
158 497
565 994
335 497
939 497
895 530
564 277
345 632
565 617
279 302
327 355
565 486
158 632
565 894
565 534
327 617
327 183
366 520
158 313
158 534
456 684
456 601
456 488
987 814
982 116
961 553
333 534
18 601
171 313
982 476
961 476
565 601
565 925
899 632
614 632
895 632
976 632
565 906
212 547
448 476
212 925
188 547
565 903
102 632
298 632
298 313
396 601
934 894
991 348
102 268
89 632
519 617
283 116
283 925
283 520
376 917
338 572
283 775
447 749
658 152
554 547
828 632
398 572
679 572
339 894
786 547
554 667
554 426
591 444
134 355
816 647
809 476
810 534
472 805
554 164
489 478
626 478
312 805
873 865
242 789
430 113
677 320
576 478
167 805
744 478
255 572
764 617
764 572
999 572
167 113
167 40
167 955
167 429
728 478
764 37
419 116
167 509
167 672
909 632
829 990
804 617
356 116
167 50
822 632
466 478
402 617
84 313
831 821
437 302
255 535
999 431
704 409
704 736
999 260
764 875
764 83
576 289
952 617
660 497
434 302
956 602
856 723
882 955
589 488
2 260
2 28
699 100
840 433
240 647
404 217
912 377
114 775
280 872
326 143
898 633
317 500
683 603
590 584
226 584
916 584
223 584
2 584
131 584
971 584
829 584
521 584
415 584
725 584
104 584
185 584
764 425
764 593
521 206
419 213
419 977
764 261
446 930
434 36
187 675
576 203
437 440
576 755
764 501
31 662
847 541
253 342
108 262
968 770
737 401
856 138
167 615
167 571
167 691
167 202
829 556
167 657
356 202
198 920
704 755
198 532
999 86
704 274
280 515
356 29
59 850
898 487
949 761
910 154
223 249
744 835
935 685
949 309
443 584
999 611
167 870
2 779
167 754
167 192
531 779
494 926
539 926
892 460
494 963
625 481
985 285
328 860
123 584
913 584
494 584
167 133
223 697
913 697
413 368
690 129
674 482
636 584
140 584
640 584
375 584
921 584
686 584
502 584
510 584
402 584
949 584
510 611
72 611
731 206
106 368
198 893
635 611
189 697
528 206
909 697
106 129
999 56
198 169
443 346
624 893
921 449
945 877
351 291
198 779
704 593
305 460
704 506
958 51
58 390
598 754
402 459
999 870
999 263
704 263
27 779
704 194
971 779
106 931
992 886
190 908
198 926
198 460
946 460
106 408
863 844
59 844
106 754
452 304
909 304
198 963
198 16
198 783
340 16
198 165
198 718
909 460
198 231
198 844
884 408
792 963
205 231
206 584
697 584
996 584
368 584
556 584
615 584
990 584
617 584
870 584
825 584
129 584
425 584
919 584
17 584
691 584
707 584
655 584
16 584
95 584
263 584
605 584
893 584
119 584
630 584
779 611
963 926
963 460
593 460
408 926
669 926
408 460
844 963
963 593
897 593
844 974
844 120
963 622
593 622
460 165
963 192
963 16
897 883
897 974
897 718
963 99
16 783
718 783
718 883
883 783
974 783
883 974
783 634
974 192
120 192
120 634
192 165
926 583
897 390
883 754
974 754
16 12
783 12
718 851
930 754
12 754
754 794
851 794
754 836
794 836
794 251
304 251
836 506
794 779
16 870
593 94
836 779
459 95
794 75
851 643
304 870
836 776
94 779
825 779
75 643
259 95
643 95
643 861
95 908
95 787
95 543
543 908
787 908
95 468
861 468
213 468
213 870
213 860
581 870
776 870
20 776
285 776
20 779
860 779
20 263
776 263
605 779
194 470
194 779
257 779
263 94
263 825
470 825
524 779
481 779
605 94
605 825
94 825
481 524
883 584
754 584
304 584
257 584
481 584
779 697
460 697
794 582
794 450
883 959
783 611
851 611
794 630
779 119
470 611
779 314
825 314
259 919
779 425
870 967
20 103
94 996
257 697
605 697
779 391
931 697
481 523
825 206
931 129
825 176
94 449
779 177
481 967
825 103
967 584
977 584
177 584
450 584
136 584
668 584
523 584
56 584
157 584
877 584
695 584
146 584
482 584
36 584
343 584
151 584
291 584
471 584
264 584
948 584
983 584
261 584
391 584
843 584
905 584
329 584
646 584
270 584
133 584
314 584
559 584
206 611
368 611
206 996
206 169
169 129
948 129
983 129
176 129
450 129
176 449
176 450
449 450
206 425
129 843
129 695
129 425
449 996
425 996
582 697
582 996
656 697
136 697
656 425
136 425
504 425
136 996
504 996
323 996
697 959
697 391
323 523
996 668
668 959
959 56
523 56
523 157
56 157
959 391
959 843
523 261
157 261
56 877
877 391
877 843
695 261
261 391
261 843
391 843
877 695
697 368
206 893
261 611
391 611
996 630
425 609
582 463
697 919
697 133
523 767
523 482
261 893
843 893
391 482
695 893
391 146
893 611
919 368
893 482
893 905
36 329
146 368
646 368
133 368
346 368
147 368
151 368
646 919
270 919
646 270
270 133
151 346
133 346
346 611
905 609
919 119
368 314
368 63
368 780
270 314
151 119
133 471
559 611
609 611
5 611
119 630
314 119
314 630
63 471
63 780
471 780
63 314
63 119
63 630
471 630
630 463
119 773
291 611
559 609
559 5
584 440
584 203
584 170
584 960
783 691
263 615
259 249
779 981
787 218
165 354
584 13
584 480
584 175
584 48
584 685
584 853
584 307
584 742
611 770
611 342
611 932
611 97
129 655
996 932
697 237
611 354
996 168
773 739
391 571
611 556
584 382
584 652
584 505
584 358
584 755
584 401
584 306
996 358
697 573
169 401
129 615
206 17
169 615
129 627
697 771
996 203
948 627
611 306
611 938
611 454
119 567
611 850
919 573
368 154
146 382
368 693
780 850
630 664
611 755
471 440
609 755
34 154
358 412
412 755
154 755
412 881
440 573
440 269
440 532
269 573
532 573
269 556
532 556
573 556
440 401
269 850
532 693
573 309
573 664
401 556
850 556
309 850
693 850
309 693
850 664
664 969
969 556
440 17
573 615
532 414
269 662
532 653
911 487
47 46
401 615
17 615
691 615
46 800
645 232
800 203
46 920
800 920
232 203
203 721
920 517
920 563
563 517
517 696
696 721
203 691
645 17
232 691
249 627
696 17
80 17
563 740
80 414
249 17
86 615
170 17
367 691
627 17
627 691
388 615
627 615
306 17
740 17
740 170
388 414
414 541
414 615
541 615
388 86
220 615
86 691
220 367
86 627
696 567
691 761
170 761
388 487
367 325
414 707
615 195
388 662
388 454
86 662
627 195
627 938
86 938
938 662
195 662
501 662
714 195
714 501
195 501
454 505
662 487
714 707
662 325
505 707
771 487
505 487
487 14
14 707
14 567
29 761
741 761
850 218
440 675
358 218
755 342
573 537
34 995
17 739
86 739
203 139
454 745
567 25
195 85
615 675
721 655
367 770
691 97
740 655
541 30
627 981
691 675
232 675
203 675
367 675
220 675
86 657
707 675
761 230
325 245
771 342
487 97
325 655
707 655
707 802
741 30
487 981
325 770
835 932
325 342
325 30
653 30
770 655
342 30
802 30
802 592
30 932
932 655
802 655
30 978
30 685
932 685
932 978
685 655
978 770
978 685
770 981
685 981
13 853
13 354
655 675
655 596
13 675
354 675
907 421
218 675
168 596
480 596
596 128
480 680
128 307
680 307
307 675
168 675
680 421
421 675
657 675
421 657
245 218
770 571
770 960
907 960
675 739
218 571
218 237
218 266
266 274
705 960
571 960
237 571
74 960
202 739
739 25
202 25
202 515
571 965
960 742
74 85
739 995
25 742
202 742
138 537
995 742
85 742
262 742
742 515
262 139
85 745
139 515
745 965
965 515
175 515
48 515
175 48
515 604
48 604
604 139
611 478
584 37
584 955
584 821
584 497
584 116
996 478
611 990
611 805
584 411
697 805
843 478
926 990
611 143
959 990
963 805
129 568
794 602
959 723
263 100
905 64
169 514
449 597
504 124
584 233
584 54
584 569
584 902
870 530
94 547
779 781
17 572
556 429
662 617
515 429
86 429
388 40
170 7
556 315
675 508
655 784
693 7
761 805
29 990
17 143
707 885
325 227
440 164
691 953
721 457
306 478
938 420
388 812
745 478
218 267
596 644
675 712
675 377
97 865
745 37
739 878
515 227
515 879
262 706
965 706
705 808
960 990
202 281
515 990
262 990
262 347
139 644
139 23
515 23
604 990
175 23
604 568
604 23
100 990
100 23
100 568
990 319
990 64
100 319
568 319
23 347
568 281
100 433
319 644
161 644
281 644
644 49
49 433
23 789
990 457
990 117
64 585
347 217
535 585
732 763
763 143
763 789
143 117
768 117
712 117
540 712
540 117
117 217
117 585
768 865
117 247
712 217
540 585
217 585
217 865
585 865
217 247
217 405
865 405
990 602
377 805
281 602
161 37
347 215
281 509
23 723
352 73
712 353
789 885
117 290
585 290
143 957
143 37
405 37
585 514
217 734
117 602
585 602
352 438
540 438
712 808
247 805
217 957
585 957
865 957
247 602
37 805
878 805
215 805
384 805
227 805
808 805
438 602
603 602
602 790
602 215
602 384
438 384
602 411
957 411
438 411
438 790
790 411
790 215
411 215
790 384
215 227
411 384
215 384
384 808
227 808
602 878
805 87
805 509
438 878
790 878
805 483
215 509
227 37
808 37
808 87
87 37
164 37
734 37
37 483
37 45
164 45
509 878
45 509
509 722
722 878
813 878
805 370
957 648
602 706
602 723
805 879
438 953
37 73
878 723
813 238
830 353
164 431
509 924
722 648
878 0
878 290
878 648
370 962
370 290
370 648
290 648
431 924
290 723
706 723
73 723
817 953
597 885
817 706
597 73
827 723
879 73
879 353
706 124
827 73
124 827
353 827
124 353
124 130
353 73
990 586
117 267
377 197
405 234
49 478
732 113
509 478
37 400
130 113
827 350
878 267
438 267
957 267
878 529
813 586
722 332
227 145
431 145
879 455
723 267
431 267
370 586
723 529
879 620
827 267
723 586
953 372
353 267
827 197
723 332
124 197
353 197
723 372
124 372
197 478
197 267
586 267
372 267
332 197
372 197
267 427
372 586
372 427
586 234
267 620
586 620
620 234
620 595
673 529
529 613
673 613
409 613
613 756
267 955
267 153
659 153
455 955
736 955
736 395
455 395
395 145
955 50
50 145
812 334
234 478
197 113
955 113
400 113
400 478
67 478
96 478
107 478
420 478
545 420
478 135
478 43
478 769
923 135
67 769
260 350
260 769
769 350
478 572
585 572
143 572
990 632
37 632
990 313
805 986
247 632
990 569
712 355
267 313
197 313
478 672
478 875
478 821
478 429
812 233
70 818
50 572
478 753
478 647
478 28
67 233
769 753
43 775
769 429
43 821
769 821
350 702
40 821
40 429
702 40
233 941
233 749
233 174
941 753
941 749
753 927
429 152
941 474
753 172
749 172
749 530
749 915
749 647
174 647
927 647
927 530
174 172
904 172
474 647
915 647
530 33
172 33
530 152
647 33
530 6
915 33
474 580
6 33
580 6
530 760
33 760
359 315
83 289
315 760
289 760
753 572
821 497
749 621
33 719
915 719
530 572
530 7
315 572
760 781
760 7
289 765
83 902
497 572
7 572
902 121
121 7
7 765
765 500
765 572
221 572
141 572
781 572
993 781
451 781
889 497
572 277
572 44
572 994
221 44
994 35
760 986
753 569
40 403
818 486
35 632
621 617
572 536
121 617
277 617
500 116
765 476
781 872
497 184
719 302
617 632
313 632
302 569
569 871
569 348
784 348
348 424
486 424
355 986
76 986
403 986
986 632
986 313
486 476
784 439
76 617
986 393
355 229
116 632
617 313
826 520
638 917
903 439
638 439
439 617
508 393
869 617
617 116
903 313
520 476
520 672
520 379
826 426
617 553
617 814
617 476
869 313
476 632
534 632
553 632
116 313
872 632
672 632
476 313
894 313
476 894
672 476
476 872
872 313
894 116
313 547
313 534
632 426
632 906
632 748
632 587
476 547
476 601
894 748
313 684
313 426
313 436
547 116
534 116
553 116
684 116
426 116
436 116
684 436
426 436
426 601
906 601
748 601
116 925
116 814
436 553
748 22
587 534
925 534
587 379
587 814
925 814
379 814
925 22
534 488
814 488
379 22
814 22
488 553
