100 181

18 89
26 89
68 89
18 24
19 68
24 68
42 68
77 68
77 24
42 89
68 26
61 89
93 89
69 89
89 92
89 3
3 92
92 62
89 2
89 8
89 10
89 60
89 57
68 71
93 71
77 1
89 81
89 38
1 60
91 60
55 71
91 71
1 71
91 31
21 71
31 71
8 71
21 31
21 8
60 10
21 52
8 4
4 15
66 79
10 57
57 52
79 57
1 2
71 59
15 2
4 82
10 2
57 81
52 81
10 65
81 2
38 65
90 32
9 81
81 84
2 84
38 84
81 82
9 84
82 39
9 41
39 41
58 27
58 72
27 41
72 41
58 59
27 59
41 88
89 94
89 86
89 12
89 56
89 80
77 94
42 17
77 86
89 49
89 45
89 50
42 37
68 87
89 76
53 33
31 73
59 23
2 64
2 54
8 67
90 49
32 49
71 94
71 95
15 94
57 63
91 75
57 86
58 17
65 95
81 95
9 95
39 75
27 98
72 16
99 16
99 12
12 94
16 95
16 20
51 95
12 20
75 95
95 56
56 36
63 5
94 80
63 86
63 34
5 34
80 17
46 80
86 13
46 13
14 13
13 97
97 74
25 48
95 37
56 73
12 78
17 33
86 33
48 33
86 23
97 87
85 37
48 23
85 23
73 23
73 37
49 23
45 37
0 37
87 37
45 0
0 73
37 70
70 78
50 43
78 43
96 43
43 67
37 40
73 40
73 7
45 7
70 40
43 7
67 44
78 40
67 40
67 6
67 54
6 40
6 33
83 33
40 33
28 40
54 40
28 54
54 33
33 7
33 44
7 44
33 76
33 22
